5
3
14 9 7793
3
15 9 7793
3
16 9 7793
3
17 9 7793
3
18 9 7793
3
19 9 7793
3
20 9 7793
3
21 9 7793
3
22 9 7793
3
23 9 7793
3
14 9 7794
3
15 9 7794
3
16 9 7794
3
17 9 7794
3
18 9 7794
3
19 9 7794
3
20 9 7794
3
21 9 7794
3
22 9 7794
3
23 9 7794
3
14 9 7795
3
15 9 7795
3
16 9 7795
3
17 9 7795
3
18 9 7795
3
19 9 7795
3
20 9 7795
3
21 9 7795
3
22 9 7795
3
23 9 7795
3
14 9 7796
3
15 9 7796
3
16 9 7796
3
17 9 7796
3
18 9 7796
3
19 9 7796
3
20 9 7796
3
21 9 7796
3
22 9 7796
3
23 9 7796
3
14 9 7797
3
15 9 7797
3
16 9 7797
3
17 9 7797
3
18 9 7797
3
19 9 7797
3
20 9 7797
3
21 9 7797
3
22 9 7797
3
23 9 7797
