5
3
22 9 1792
3
22 9 1793
3
22 9 1794
3
23 9 1795
3
22 9 1796
3
22 9 1797
3
22 9 1798
3
23 9 1799
3
23 9 1800
3
23 9 1801
3
23 9 1802
3
24 9 1803
3
23 9 1804
3
23 9 1805
3
23 9 1806
3
23 9 1807
3
23 9 1808
3
23 9 1809
3
23 9 1810
3
23 9 1811
3
23 9 1812
3
23 9 1813
3
23 9 1814
3
23 9 1815
3
23 9 1816
3
23 9 1817
3
23 9 1818
3
23 9 1819
3
23 9 1820
3
23 9 1821
3
23 9 1822
3
23 9 1823
3
23 9 1824
3
23 9 1825
3
23 9 1826
3
23 9 1827
3
23 9 1828
3
23 9 1829
3
23 9 1830
3
23 9 1831
3
23 9 1832
3
23 9 1833
3
23 9 1834
3
23 9 1835
3
23 9 1836
3
23 9 1837
3
23 9 1838
3
23 9 1839
3
22 9 1840
3
23 9 1841
3
23 9 1842
3
23 9 1843
3
22 9 1844
3
23 9 1845
3
23 9 1846
3
23 9 1847
3
22 9 1848
3
23 9 1849
3
23 9 1850
3
23 9 1851
3
22 9 1852
3
23 9 1853
3
23 9 1854
3
23 9 1855
3
22 9 1856
3
23 9 1857
3
23 9 1858
3
23 9 1859
3
22 9 1860
3
23 9 1861
3
23 9 1862
3
23 9 1863
3
22 9 1864
3
23 9 1865
3
23 9 1866
3
23 9 1867
3
22 9 1868
3
23 9 1869
3
23 9 1870
3
23 9 1871
3
22 9 1872
3
22 9 1873
3
23 9 1874
3
23 9 1875
3
22 9 1876
3
22 9 1877
3
23 9 1878
3
23 9 1879
3
22 9 1880
3
22 9 1881
3
23 9 1882
3
23 9 1883
3
22 9 1884
3
22 9 1885
3
23 9 1886
3
23 9 1887
3
22 9 1888
3
22 9 1889
3
23 9 1890
3
23 9 1891
3
22 9 1892
3
22 9 1893
3
23 9 1894
3
23 9 1895
3
22 9 1896
3
22 9 1897
3
23 9 1898
3
23 9 1899
3
23 9 1900
3
23 9 1901
3
23 9 1902
3
24 9 1903
3
23 9 1904
3
23 9 1905
3
23 9 1906
3
24 9 1907
3
23 9 1908
3
23 9 1909
3
23 9 1910
3
24 9 1911
3
23 9 1912
3
23 9 1913
3
23 9 1914
3
24 9 1915
3
23 9 1916
3
23 9 1917
3
23 9 1918
3
24 9 1919
3
23 9 1920
3
23 9 1921
3
23 9 1922
3
24 9 1923
3
23 9 1924
3
23 9 1925
3
23 9 1926
3
24 9 1927
3
23 9 1928
3
23 9 1929
3
23 9 1930
3
24 9 1931
3
23 9 1932
3
23 9 1933
3
23 9 1934
3
23 9 1935
3
23 9 1936
3
23 9 1937
3
23 9 1938
3
23 9 1939
3
23 9 1940
3
23 9 1941
3
23 9 1942
3
23 9 1943
3
23 9 1944
3
23 9 1945
3
23 9 1946
3
23 9 1947
3
23 9 1948
3
23 9 1949
3
23 9 1950
3
23 9 1951
3
23 9 1952
3
23 9 1953
3
23 9 1954
3
23 9 1955
3
23 9 1956
3
23 9 1957
3
23 9 1958
3
23 9 1959
3
23 9 1960
3
23 9 1961
3
23 9 1962
3
23 9 1963
3
23 9 1964
3
23 9 1965
3
23 9 1966
3
23 9 1967
3
22 9 1968
3
23 9 1969
3
23 9 1970
3
23 9 1971
3
22 9 1972
3
23 9 1973
3
23 9 1974
3
23 9 1975
3
22 9 1976
3
23 9 1977
3
23 9 1978
3
23 9 1979
3
22 9 1980
3
23 9 1981
3
23 9 1982
3
23 9 1983
3
22 9 1984
3
23 9 1985
3
23 9 1986
3
23 9 1987
3
22 9 1988
3
23 9 1989
3
23 9 1990
3
23 9 1991
3
22 9 1992
3
23 9 1993
3
23 9 1994
3
23 9 1995
3
22 9 1996
3
22 9 1997
3
23 9 1998
3
23 9 1999
3
22 9 2000
3
22 9 2001
3
23 9 2002
3
23 9 2003
3
22 9 2004
3
22 9 2005
3
23 9 2006
3
23 9 2007
3
22 9 2008
3
22 9 2009
3
23 9 2010
3
23 9 2011
3
22 9 2012
3
22 9 2013
3
23 9 2014
3
23 9 2015
3
22 9 2016
3
22 9 2017
3
23 9 2018
3
23 9 2019
3
22 9 2020
3
22 9 2021
3
23 9 2022
3
23 9 2023
3
22 9 2024
3
22 9 2025
3
23 9 2026
3
23 9 2027
3
22 9 2028
3
22 9 2029
3
22 9 2030
3
23 9 2031
3
22 9 2032
3
22 9 2033
3
22 9 2034
3
23 9 2035
3
22 9 2036
3
22 9 2037
3
22 9 2038
3
23 9 2039
3
22 9 2040
3
22 9 2041
3
22 9 2042
3
23 9 2043
3
22 9 2044
3
22 9 2045
3
22 9 2046
3
23 9 2047
3
22 9 2048
3
22 9 2049
3
22 9 2050
3
23 9 2051
3
22 9 2052
3
22 9 2053
3
22 9 2054
3
23 9 2055
3
22 9 2056
3
22 9 2057
3
22 9 2058
3
23 9 2059
3
22 9 2060
3
22 9 2061
3
22 9 2062
3
22 9 2063
3
22 9 2064
3
22 9 2065
3
22 9 2066
3
22 9 2067
3
22 9 2068
3
22 9 2069
3
22 9 2070
3
22 9 2071
3
22 9 2072
3
22 9 2073
3
22 9 2074
3
22 9 2075
3
22 9 2076
3
22 9 2077
3
22 9 2078
3
22 9 2079
3
22 9 2080
3
22 9 2081
3
22 9 2082
3
22 9 2083
3
22 9 2084
3
22 9 2085
3
22 9 2086
3
22 9 2087
3
22 9 2088
3
22 9 2089
3
22 9 2090
3
22 9 2091
3
21 9 2092
3
22 9 2093
3
22 9 2094
3
22 9 2095
3
21 9 2096
3
22 9 2097
3
22 9 2098
3
22 9 2099
3
22 9 2100
3
23 9 2101
3
23 9 2102
3
23 9 2103
3
22 9 2104
3
23 9 2105
3
23 9 2106
3
23 9 2107
3
22 9 2108
3
23 9 2109
3
23 9 2110
3
23 9 2111
3
22 9 2112
3
23 9 2113
3
23 9 2114
3
23 9 2115
3
22 9 2116
3
23 9 2117
3
23 9 2118
3
23 9 2119
3
22 9 2120
3
22 9 2121
3
23 9 2122
3
23 9 2123
3
22 9 2124
3
22 9 2125
3
23 9 2126
3
23 9 2127
3
22 9 2128
3
22 9 2129
3
23 9 2130
3
23 9 2131
3
22 9 2132
3
22 9 2133
3
23 9 2134
3
23 9 2135
3
22 9 2136
3
22 9 2137
3
23 9 2138
3
23 9 2139
3
22 9 2140
3
22 9 2141
3
23 9 2142
3
23 9 2143
3
22 9 2144
3
22 9 2145
3
23 9 2146
3
23 9 2147
3
22 9 2148
3
22 9 2149
3
23 9 2150
3
23 9 2151
3
22 9 2152
3
22 9 2153
3
22 9 2154
3
23 9 2155
3
22 9 2156
3
22 9 2157
3
22 9 2158
3
23 9 2159
3
22 9 2160
3
22 9 2161
3
22 9 2162
3
23 9 2163
3
22 9 2164
3
22 9 2165
3
22 9 2166
3
23 9 2167
3
22 9 2168
3
22 9 2169
3
22 9 2170
3
23 9 2171
3
22 9 2172
3
22 9 2173
3
22 9 2174
3
23 9 2175
3
22 9 2176
3
22 9 2177
3
22 9 2178
3
23 9 2179
3
22 9 2180
3
22 9 2181
3
22 9 2182
3
23 9 2183
3
22 9 2184
3
22 9 2185
3
22 9 2186
3
22 9 2187
3
22 9 2188
3
22 9 2189
3
22 9 2190
3
22 9 2191
3
22 9 2192
3
22 9 2193
3
22 9 2194
3
22 9 2195
3
22 9 2196
3
22 9 2197
3
22 9 2198
3
22 9 2199
3
23 9 2200
3
23 9 2201
3
23 9 2202
3
23 9 2203
3
23 9 2204
3
23 9 2205
3
23 9 2206
3
23 9 2207
3
23 9 2208
3
23 9 2209
3
23 9 2210
3
23 9 2211
3
23 9 2212
3
23 9 2213
3
23 9 2214
3
23 9 2215
3
22 9 2216
3
23 9 2217
3
23 9 2218
3
23 9 2219
3
22 9 2220
3
23 9 2221
3
23 9 2222
3
23 9 2223
3
22 9 2224
3
23 9 2225
3
23 9 2226
3
23 9 2227
3
22 9 2228
3
23 9 2229
3
23 9 2230
3
23 9 2231
3
22 9 2232
3
23 9 2233
3
23 9 2234
3
23 9 2235
3
22 9 2236
3
23 9 2237
3
23 9 2238
3
23 9 2239
3
22 9 2240
3
23 9 2241
3
23 9 2242
3
23 9 2243
3
22 9 2244
3
23 9 2245
3
23 9 2246
3
23 9 2247
3
22 9 2248
3
22 9 2249
3
23 9 2250
3
23 9 2251
3
22 9 2252
3
22 9 2253
3
23 9 2254
3
23 9 2255
3
22 9 2256
3
22 9 2257
3
23 9 2258
3
23 9 2259
3
22 9 2260
3
22 9 2261
3
23 9 2262
3
23 9 2263
3
22 9 2264
3
22 9 2265
3
23 9 2266
3
23 9 2267
3
22 9 2268
3
22 9 2269
3
23 9 2270
3
23 9 2271
3
22 9 2272
3
22 9 2273
3
23 9 2274
3
23 9 2275
3
22 9 2276
3
22 9 2277
3
22 9 2278
3
23 9 2279
3
22 9 2280
3
22 9 2281
3
22 9 2282
3
23 9 2283
3
22 9 2284
3
22 9 2285
3
22 9 2286
3
23 9 2287
3
22 9 2288
3
22 9 2289
3
22 9 2290
3
23 9 2291
3
22 9 2292
3
22 9 2293
3
22 9 2294
3
23 9 2295
3
22 9 2296
3
22 9 2297
3
22 9 2298
3
23 9 2299
3
23 9 2300
3
23 9 2301
3
23 9 2302
3
24 9 2303
3
23 9 2304
3
23 9 2305
3
23 9 2306
3
24 9 2307
3
23 9 2308
3
23 9 2309
3
23 9 2310
3
23 9 2311
3
23 9 2312
3
23 9 2313
3
23 9 2314
3
23 9 2315
3
23 9 2316
3
23 9 2317
3
23 9 2318
3
23 9 2319
3
23 9 2320
3
23 9 2321
3
23 9 2322
3
23 9 2323
3
23 9 2324
3
23 9 2325
3
23 9 2326
3
23 9 2327
3
23 9 2328
3
23 9 2329
3
23 9 2330
3
23 9 2331
3
23 9 2332
3
23 9 2333
3
23 9 2334
3
23 9 2335
3
23 9 2336
3
23 9 2337
3
23 9 2338
3
23 9 2339
3
22 9 2340
3
23 9 2341
3
23 9 2342
3
23 9 2343
3
22 9 2344
3
23 9 2345
3
23 9 2346
3
23 9 2347
3
22 9 2348
3
23 9 2349
3
23 9 2350
3
23 9 2351
3
22 9 2352
3
23 9 2353
3
23 9 2354
3
23 9 2355
3
22 9 2356
3
23 9 2357
3
23 9 2358
3
23 9 2359
3
22 9 2360
3
23 9 2361
3
23 9 2362
3
23 9 2363
3
22 9 2364
3
23 9 2365
3
23 9 2366
3
23 9 2367
3
22 9 2368
3
22 9 2369
3
23 9 2370
3
23 9 2371
3
22 9 2372
3
22 9 2373
3
23 9 2374
3
23 9 2375
3
22 9 2376
3
22 9 2377
3
23 9 2378
3
23 9 2379
3
22 9 2380
3
22 9 2381
3
23 9 2382
3
23 9 2383
3
22 9 2384
3
22 9 2385
3
23 9 2386
3
23 9 2387
3
22 9 2388
3
22 9 2389
3
23 9 2390
3
23 9 2391
3
22 9 2392
3
22 9 2393
3
23 9 2394
3
23 9 2395
3
22 9 2396
3
22 9 2397
3
23 9 2398
3
23 9 2399
3
22 9 2400
3
22 9 2401
3
22 9 2402
3
23 9 2403
3
22 9 2404
3
22 9 2405
3
22 9 2406
3
23 9 2407
3
22 9 2408
3
22 9 2409
3
22 9 2410
3
23 9 2411
3
22 9 2412
3
22 9 2413
3
22 9 2414
3
23 9 2415
3
22 9 2416
3
22 9 2417
3
22 9 2418
3
23 9 2419
3
22 9 2420
3
22 9 2421
3
22 9 2422
3
23 9 2423
3
22 9 2424
3
22 9 2425
3
22 9 2426
3
23 9 2427
3
22 9 2428
3
22 9 2429
3
22 9 2430
3
22 9 2431
3
22 9 2432
3
22 9 2433
3
22 9 2434
3
22 9 2435
3
22 9 2436
3
22 9 2437
3
22 9 2438
3
22 9 2439
3
22 9 2440
3
22 9 2441
3
22 9 2442
3
22 9 2443
3
22 9 2444
3
22 9 2445
3
22 9 2446
3
22 9 2447
3
22 9 2448
3
22 9 2449
3
22 9 2450
3
22 9 2451
3
22 9 2452
3
22 9 2453
3
22 9 2454
3
22 9 2455
3
22 9 2456
3
22 9 2457
3
22 9 2458
3
22 9 2459
3
21 9 2460
3
22 9 2461
3
22 9 2462
3
22 9 2463
3
21 9 2464
3
22 9 2465
3
22 9 2466
3
22 9 2467
3
21 9 2468
3
22 9 2469
3
22 9 2470
3
22 9 2471
3
21 9 2472
3
22 9 2473
3
22 9 2474
3
22 9 2475
3
21 9 2476
3
22 9 2477
3
22 9 2478
3
22 9 2479
3
21 9 2480
3
22 9 2481
3
22 9 2482
3
22 9 2483
3
21 9 2484
3
22 9 2485
3
22 9 2486
3
22 9 2487
3
21 9 2488
3
22 9 2489
3
22 9 2490
3
22 9 2491
3
21 9 2492
3
21 9 2493
3
22 9 2494
3
22 9 2495
3
21 9 2496
3
21 9 2497
3
22 9 2498
3
22 9 2499
3
22 9 2500
3
22 9 2501
3
23 9 2502
3
23 9 2503
3
22 9 2504
3
22 9 2505
3
23 9 2506
3
23 9 2507
3
22 9 2508
3
22 9 2509
3
23 9 2510
3
23 9 2511
3
22 9 2512
3
22 9 2513
3
23 9 2514
3
23 9 2515
3
22 9 2516
3
22 9 2517
3
23 9 2518
3
23 9 2519
3
22 9 2520
3
22 9 2521
3
23 9 2522
3
23 9 2523
3
22 9 2524
3
22 9 2525
3
22 9 2526
3
23 9 2527
3
22 9 2528
3
22 9 2529
3
22 9 2530
3
23 9 2531
3
22 9 2532
3
22 9 2533
3
22 9 2534
3
23 9 2535
3
22 9 2536
3
22 9 2537
3
22 9 2538
3
23 9 2539
3
22 9 2540
3
22 9 2541
3
22 9 2542
3
23 9 2543
3
22 9 2544
3
22 9 2545
3
22 9 2546
3
23 9 2547
3
22 9 2548
3
22 9 2549
3
22 9 2550
3
23 9 2551
3
22 9 2552
3
22 9 2553
3
22 9 2554
3
22 9 2555
3
22 9 2556
3
22 9 2557
3
22 9 2558
3
22 9 2559
3
22 9 2560
3
22 9 2561
3
22 9 2562
3
22 9 2563
3
22 9 2564
3
22 9 2565
3
22 9 2566
3
22 9 2567
3
22 9 2568
3
22 9 2569
3
22 9 2570
3
22 9 2571
3
22 9 2572
3
22 9 2573
3
22 9 2574
3
22 9 2575
3
22 9 2576
3
22 9 2577
3
22 9 2578
3
22 9 2579
3
22 9 2580
3
22 9 2581
3
22 9 2582
3
22 9 2583
3
21 9 2584
3
22 9 2585
3
22 9 2586
3
22 9 2587
3
21 9 2588
3
22 9 2589
3
22 9 2590
3
22 9 2591
3
21 9 2592
3
22 9 2593
3
22 9 2594
3
22 9 2595
3
21 9 2596
3
22 9 2597
3
22 9 2598
3
22 9 2599
3
22 9 2600
3
23 9 2601
3
23 9 2602
3
23 9 2603
3
22 9 2604
3
23 9 2605
3
23 9 2606
3
23 9 2607
3
22 9 2608
3
23 9 2609
3
23 9 2610
3
23 9 2611
3
22 9 2612
3
23 9 2613
3
23 9 2614
3
23 9 2615
3
22 9 2616
3
22 9 2617
3
23 9 2618
3
23 9 2619
3
22 9 2620
3
22 9 2621
3
23 9 2622
3
23 9 2623
3
22 9 2624
3
22 9 2625
3
23 9 2626
3
23 9 2627
3
22 9 2628
3
22 9 2629
3
23 9 2630
3
23 9 2631
3
22 9 2632
3
22 9 2633
3
23 9 2634
3
23 9 2635
3
22 9 2636
3
22 9 2637
3
23 9 2638
3
23 9 2639
3
22 9 2640
3
22 9 2641
3
23 9 2642
3
23 9 2643
3
22 9 2644
3
22 9 2645
3
23 9 2646
3
23 9 2647
3
22 9 2648
3
22 9 2649
3
22 9 2650
3
23 9 2651
3
22 9 2652
3
22 9 2653
3
22 9 2654
3
23 9 2655
3
22 9 2656
3
22 9 2657
3
22 9 2658
3
23 9 2659
3
22 9 2660
3
22 9 2661
3
22 9 2662
3
23 9 2663
3
22 9 2664
3
22 9 2665
3
22 9 2666
3
23 9 2667
3
22 9 2668
3
22 9 2669
3
22 9 2670
3
23 9 2671
3
22 9 2672
3
22 9 2673
3
22 9 2674
3
23 9 2675
3
22 9 2676
3
22 9 2677
3
22 9 2678
3
22 9 2679
3
22 9 2680
3
22 9 2681
3
22 9 2682
3
22 9 2683
3
22 9 2684
3
22 9 2685
3
22 9 2686
3
22 9 2687
3
22 9 2688
3
22 9 2689
3
22 9 2690
3
22 9 2691
3
22 9 2692
3
22 9 2693
3
22 9 2694
3
22 9 2695
3
22 9 2696
3
22 9 2697
3
22 9 2698
3
22 9 2699
3
23 9 2700
3
23 9 2701
3
23 9 2702
3
23 9 2703
3
23 9 2704
3
23 9 2705
3
23 9 2706
3
23 9 2707
3
22 9 2708
3
23 9 2709
3
23 9 2710
3
23 9 2711
3
22 9 2712
3
23 9 2713
3
23 9 2714
3
23 9 2715
3
22 9 2716
3
23 9 2717
3
23 9 2718
3
23 9 2719
3
22 9 2720
3
23 9 2721
3
23 9 2722
3
23 9 2723
3
22 9 2724
3
23 9 2725
3
23 9 2726
3
23 9 2727
3
22 9 2728
3
23 9 2729
3
23 9 2730
3
23 9 2731
3
22 9 2732
3
22 9 2733
3
23 9 2734
3
23 9 2735
3
22 9 2736
3
22 9 2737
3
23 9 2738
3
23 9 2739
3
22 9 2740
3
22 9 2741
3
23 9 2742
3
23 9 2743
3
22 9 2744
3
22 9 2745
3
23 9 2746
3
23 9 2747
3
22 9 2748
3
22 9 2749
3
23 9 2750
3
23 9 2751
3
22 9 2752
3
22 9 2753
3
23 9 2754
3
23 9 2755
3
22 9 2756
3
22 9 2757
3
23 9 2758
3
23 9 2759
3
22 9 2760
3
22 9 2761
3
22 9 2762
3
23 9 2763
3
22 9 2764
3
22 9 2765
3
22 9 2766
3
23 9 2767
3
22 9 2768
3
22 9 2769
3
22 9 2770
3
23 9 2771
3
22 9 2772
3
22 9 2773
3
22 9 2774
3
23 9 2775
3
22 9 2776
3
22 9 2777
3
22 9 2778
3
23 9 2779
3
22 9 2780
3
22 9 2781
3
22 9 2782
3
23 9 2783
3
22 9 2784
3
22 9 2785
3
22 9 2786
3
23 9 2787
3
22 9 2788
3
22 9 2789
3
22 9 2790
3
22 9 2791
3
22 9 2792
3
22 9 2793
3
22 9 2794
3
22 9 2795
3
22 9 2796
3
22 9 2797
3
22 9 2798
3
22 9 2799
3
22 9 2800
3
22 9 2801
3
22 9 2802
3
22 9 2803
3
22 9 2804
3
22 9 2805
3
22 9 2806
3
22 9 2807
3
22 9 2808
3
22 9 2809
3
22 9 2810
3
22 9 2811
3
22 9 2812
3
22 9 2813
3
22 9 2814
3
22 9 2815
3
22 9 2816
3
22 9 2817
3
22 9 2818
3
22 9 2819
3
22 9 2820
3
22 9 2821
3
22 9 2822
3
22 9 2823
3
21 9 2824
3
22 9 2825
3
22 9 2826
3
22 9 2827
3
21 9 2828
3
22 9 2829
3
22 9 2830
3
22 9 2831
3
21 9 2832
3
22 9 2833
3
22 9 2834
3
22 9 2835
3
21 9 2836
3
22 9 2837
3
22 9 2838
3
22 9 2839
3
21 9 2840
3
22 9 2841
3
22 9 2842
3
22 9 2843
3
21 9 2844
3
22 9 2845
3
22 9 2846
3
22 9 2847
3
21 9 2848
3
22 9 2849
3
22 9 2850
3
22 9 2851
3
21 9 2852
3
22 9 2853
3
22 9 2854
3
22 9 2855
3
21 9 2856
3
21 9 2857
3
22 9 2858
3
22 9 2859
3
21 9 2860
3
21 9 2861
3
22 9 2862
3
22 9 2863
3
21 9 2864
3
21 9 2865
3
22 9 2866
3
22 9 2867
3
21 9 2868
3
21 9 2869
3
22 9 2870
3
22 9 2871
3
21 9 2872
3
21 9 2873
3
22 9 2874
3
22 9 2875
3
21 9 2876
3
21 9 2877
3
22 9 2878
3
22 9 2879
3
21 9 2880
3
21 9 2881
3
22 9 2882
3
22 9 2883
3
21 9 2884
3
21 9 2885
3
22 9 2886
3
22 9 2887
3
21 9 2888
3
21 9 2889
3
22 9 2890
3
22 9 2891
3
21 9 2892
3
21 9 2893
3
21 9 2894
3
22 9 2895
3
21 9 2896
3
21 9 2897
3
21 9 2898
3
22 9 2899
3
22 9 2900
3
22 9 2901
3
22 9 2902
3
23 9 2903
3
22 9 2904
3
22 9 2905
3
22 9 2906
3
23 9 2907
3
22 9 2908
3
22 9 2909
3
22 9 2910
3
23 9 2911
3
22 9 2912
3
22 9 2913
3
22 9 2914
3
23 9 2915
3
22 9 2916
3
22 9 2917
3
22 9 2918
3
23 9 2919
3
22 9 2920
3
22 9 2921
3
22 9 2922
3
22 9 2923
3
22 9 2924
3
22 9 2925
3
22 9 2926
3
22 9 2927
3
22 9 2928
3
22 9 2929
3
22 9 2930
3
22 9 2931
3
22 9 2932
3
22 9 2933
3
22 9 2934
3
22 9 2935
3
22 9 2936
3
22 9 2937
3
22 9 2938
3
22 9 2939
3
22 9 2940
3
22 9 2941
3
22 9 2942
3
22 9 2943
3
22 9 2944
3
22 9 2945
3
22 9 2946
3
22 9 2947
3
22 9 2948
3
22 9 2949
3
22 9 2950
3
22 9 2951
3
21 9 2952
3
22 9 2953
3
22 9 2954
3
22 9 2955
3
21 9 2956
3
22 9 2957
3
22 9 2958
3
22 9 2959
3
21 9 2960
3
22 9 2961
3
22 9 2962
3
22 9 2963
3
21 9 2964
3
22 9 2965
3
22 9 2966
3
22 9 2967
3
21 9 2968
3
22 9 2969
3
22 9 2970
3
22 9 2971
3
21 9 2972
3
22 9 2973
3
22 9 2974
3
22 9 2975
3
21 9 2976
3
22 9 2977
3
22 9 2978
3
22 9 2979
3
21 9 2980
3
21 9 2981
3
22 9 2982
3
22 9 2983
3
21 9 2984
3
21 9 2985
3
22 9 2986
3
22 9 2987
3
21 9 2988
3
21 9 2989
3
22 9 2990
3
22 9 2991
3
21 9 2992
3
21 9 2993
3
22 9 2994
3
22 9 2995
3
21 9 2996
3
21 9 2997
3
22 9 2998
3
22 9 2999
3
22 9 3000
3
22 9 3001
3
23 9 3002
3
23 9 3003
3
22 9 3004
3
22 9 3005
3
23 9 3006
3
23 9 3007
3
22 9 3008
3
22 9 3009
3
23 9 3010
3
23 9 3011
3
22 9 3012
3
22 9 3013
3
22 9 3014
3
23 9 3015
3
22 9 3016
3
22 9 3017
3
22 9 3018
3
23 9 3019
3
22 9 3020
3
22 9 3021
3
22 9 3022
3
23 9 3023
3
22 9 3024
3
22 9 3025
3
22 9 3026
3
23 9 3027
3
22 9 3028
3
22 9 3029
3
22 9 3030
3
23 9 3031
3
22 9 3032
3
22 9 3033
3
22 9 3034
3
23 9 3035
3
22 9 3036
3
22 9 3037
3
22 9 3038
3
23 9 3039
3
22 9 3040
3
22 9 3041
3
22 9 3042
3
22 9 3043
3
22 9 3044
3
22 9 3045
3
22 9 3046
3
22 9 3047
3
22 9 3048
3
22 9 3049
3
22 9 3050
3
22 9 3051
3
22 9 3052
3
22 9 3053
3
22 9 3054
3
22 9 3055
3
22 9 3056
3
22 9 3057
3
22 9 3058
3
22 9 3059
3
22 9 3060
3
22 9 3061
3
22 9 3062
3
22 9 3063
3
22 9 3064
3
22 9 3065
3
22 9 3066
3
22 9 3067
3
22 9 3068
3
22 9 3069
3
22 9 3070
3
22 9 3071
3
22 9 3072
3
22 9 3073
3
22 9 3074
3
22 9 3075
3
21 9 3076
3
22 9 3077
3
22 9 3078
3
22 9 3079
3
21 9 3080
3
22 9 3081
3
22 9 3082
3
22 9 3083
3
21 9 3084
3
22 9 3085
3
22 9 3086
3
22 9 3087
3
21 9 3088
3
22 9 3089
3
22 9 3090
3
22 9 3091
3
21 9 3092
3
22 9 3093
3
22 9 3094
3
22 9 3095
3
21 9 3096
3
22 9 3097
3
22 9 3098
3
22 9 3099
3
22 9 3100
3
22 9 3101
3
23 9 3102
3
23 9 3103
3
22 9 3104
3
22 9 3105
3
23 9 3106
3
23 9 3107
3
22 9 3108
3
22 9 3109
3
23 9 3110
3
23 9 3111
3
22 9 3112
3
22 9 3113
3
23 9 3114
3
23 9 3115
3
22 9 3116
3
22 9 3117
3
22 9 3118
3
23 9 3119
3
22 9 3120
3
22 9 3121
3
22 9 3122
3
23 9 3123
3
22 9 3124
3
22 9 3125
3
22 9 3126
3
23 9 3127
3
22 9 3128
3
22 9 3129
3
22 9 3130
3
23 9 3131
3
22 9 3132
3
22 9 3133
3
22 9 3134
3
23 9 3135
3
22 9 3136
3
22 9 3137
3
22 9 3138
3
23 9 3139
3
22 9 3140
3
22 9 3141
3
22 9 3142
3
23 9 3143
3
22 9 3144
3
22 9 3145
3
22 9 3146
3
23 9 3147
3
22 9 3148
3
22 9 3149
3
22 9 3150
3
22 9 3151
3
22 9 3152
3
22 9 3153
3
22 9 3154
3
22 9 3155
3
22 9 3156
3
22 9 3157
3
22 9 3158
3
22 9 3159
3
22 9 3160
3
22 9 3161
3
22 9 3162
3
22 9 3163
3
22 9 3164
3
22 9 3165
3
22 9 3166
3
22 9 3167
3
22 9 3168
3
22 9 3169
3
22 9 3170
3
22 9 3171
3
22 9 3172
3
22 9 3173
3
22 9 3174
3
22 9 3175
3
22 9 3176
3
22 9 3177
3
22 9 3178
3
22 9 3179
3
21 9 3180
3
22 9 3181
3
22 9 3182
3
22 9 3183
3
21 9 3184
3
22 9 3185
3
22 9 3186
3
22 9 3187
3
21 9 3188
3
22 9 3189
3
22 9 3190
3
22 9 3191
3
21 9 3192
3
22 9 3193
3
22 9 3194
3
22 9 3195
3
21 9 3196
3
22 9 3197
3
22 9 3198
3
22 9 3199
3
21 9 3200
3
22 9 3201
3
22 9 3202
3
22 9 3203
3
21 9 3204
3
22 9 3205
3
22 9 3206
3
22 9 3207
3
21 9 3208
3
22 9 3209
3
22 9 3210
3
22 9 3211
3
21 9 3212
3
21 9 3213
3
22 9 3214
3
22 9 3215
3
21 9 3216
3
21 9 3217
3
22 9 3218
3
22 9 3219
3
21 9 3220
3
21 9 3221
3
22 9 3222
3
22 9 3223
3
21 9 3224
3
21 9 3225
3
22 9 3226
3
22 9 3227
3
21 9 3228
3
21 9 3229
3
22 9 3230
3
22 9 3231
3
21 9 3232
3
21 9 3233
3
22 9 3234
3
22 9 3235
3
21 9 3236
3
21 9 3237
3
22 9 3238
3
22 9 3239
3
21 9 3240
3
21 9 3241
3
22 9 3242
3
22 9 3243
3
21 9 3244
3
21 9 3245
3
21 9 3246
3
22 9 3247
3
21 9 3248
3
21 9 3249
3
21 9 3250
3
22 9 3251
3
21 9 3252
3
21 9 3253
3
21 9 3254
3
22 9 3255
3
21 9 3256
3
21 9 3257
3
21 9 3258
3
22 9 3259
3
21 9 3260
3
21 9 3261
3
21 9 3262
3
22 9 3263
3
21 9 3264
3
21 9 3265
3
21 9 3266
3
22 9 3267
3
21 9 3268
3
21 9 3269
3
21 9 3270
3
21 9 3271
3
21 9 3272
3
21 9 3273
3
21 9 3274
3
21 9 3275
3
21 9 3276
3
21 9 3277
3
21 9 3278
3
21 9 3279
3
21 9 3280
3
21 9 3281
3
21 9 3282
3
21 9 3283
3
21 9 3284
3
21 9 3285
3
21 9 3286
3
21 9 3287
3
21 9 3288
3
21 9 3289
3
21 9 3290
3
21 9 3291
3
21 9 3292
3
21 9 3293
3
21 9 3294
3
21 9 3295
3
21 9 3296
3
21 9 3297
3
21 9 3298
3
21 9 3299
3
22 9 3300
3
22 9 3301
3
22 9 3302
3
22 9 3303
3
21 9 3304
3
22 9 3305
3
22 9 3306
3
22 9 3307
3
21 9 3308
3
22 9 3309
3
22 9 3310
3
22 9 3311
3
21 9 3312
3
22 9 3313
3
22 9 3314
3
22 9 3315
3
21 9 3316
3
22 9 3317
3
22 9 3318
3
22 9 3319
3
21 9 3320
3
22 9 3321
3
22 9 3322
3
22 9 3323
3
21 9 3324
3
22 9 3325
3
22 9 3326
3
22 9 3327
3
21 9 3328
3
21 9 3329
3
22 9 3330
3
22 9 3331
3
21 9 3332
3
21 9 3333
3
22 9 3334
3
22 9 3335
3
21 9 3336
3
21 9 3337
3
22 9 3338
3
22 9 3339
3
21 9 3340
3
21 9 3341
3
22 9 3342
3
22 9 3343
3
21 9 3344
3
21 9 3345
3
22 9 3346
3
22 9 3347
3
21 9 3348
3
21 9 3349
3
22 9 3350
3
22 9 3351
3
21 9 3352
3
21 9 3353
3
22 9 3354
3
22 9 3355
3
21 9 3356
3
21 9 3357
3
22 9 3358
3
22 9 3359
3
21 9 3360
3
21 9 3361
3
21 9 3362
3
22 9 3363
3
21 9 3364
3
21 9 3365
3
21 9 3366
3
22 9 3367
3
21 9 3368
3
21 9 3369
3
21 9 3370
3
22 9 3371
3
21 9 3372
3
21 9 3373
3
21 9 3374
3
22 9 3375
3
21 9 3376
3
21 9 3377
3
21 9 3378
3
22 9 3379
3
21 9 3380
3
21 9 3381
3
21 9 3382
3
22 9 3383
3
21 9 3384
3
21 9 3385
3
21 9 3386
3
22 9 3387
3
21 9 3388
3
21 9 3389
3
21 9 3390
3
22 9 3391
3
21 9 3392
3
21 9 3393
3
21 9 3394
3
21 9 3395
3
21 9 3396
3
21 9 3397
3
21 9 3398
3
21 9 3399
3
22 9 3400
3
22 9 3401
3
22 9 3402
3
22 9 3403
3
22 9 3404
3
22 9 3405
3
22 9 3406
3
22 9 3407
3
22 9 3408
3
22 9 3409
3
22 9 3410
3
22 9 3411
3
22 9 3412
3
22 9 3413
3
22 9 3414
3
22 9 3415
3
22 9 3416
3
22 9 3417
3
22 9 3418
3
22 9 3419
3
22 9 3420
3
22 9 3421
3
22 9 3422
3
22 9 3423
3
21 9 3424
3
22 9 3425
3
22 9 3426
3
22 9 3427
3
21 9 3428
3
22 9 3429
3
22 9 3430
3
22 9 3431
3
21 9 3432
3
22 9 3433
3
22 9 3434
3
22 9 3435
3
21 9 3436
3
22 9 3437
3
22 9 3438
3
22 9 3439
3
21 9 3440
3
22 9 3441
3
22 9 3442
3
22 9 3443
3
21 9 3444
3
22 9 3445
3
22 9 3446
3
22 9 3447
3
21 9 3448
3
22 9 3449
3
22 9 3450
3
22 9 3451
3
21 9 3452
3
22 9 3453
3
22 9 3454
3
22 9 3455
3
21 9 3456
3
21 9 3457
3
22 9 3458
3
22 9 3459
3
21 9 3460
3
21 9 3461
3
22 9 3462
3
22 9 3463
3
21 9 3464
3
21 9 3465
3
22 9 3466
3
22 9 3467
3
21 9 3468
3
21 9 3469
3
22 9 3470
3
22 9 3471
3
21 9 3472
3
21 9 3473
3
22 9 3474
3
22 9 3475
3
21 9 3476
3
21 9 3477
3
22 9 3478
3
22 9 3479
3
21 9 3480
3
21 9 3481
3
22 9 3482
3
22 9 3483
3
21 9 3484
3
21 9 3485
3
21 9 3486
3
22 9 3487
3
21 9 3488
3
21 9 3489
3
21 9 3490
3
22 9 3491
3
21 9 3492
3
21 9 3493
3
21 9 3494
3
22 9 3495
3
21 9 3496
3
21 9 3497
3
21 9 3498
3
22 9 3499
3
22 9 3500
3
22 9 3501
3
22 9 3502
3
23 9 3503
3
22 9 3504
3
22 9 3505
3
22 9 3506
3
23 9 3507
3
22 9 3508
3
22 9 3509
3
22 9 3510
3
23 9 3511
3
22 9 3512
3
22 9 3513
3
22 9 3514
3
23 9 3515
3
22 9 3516
3
22 9 3517
3
22 9 3518
3
22 9 3519
3
22 9 3520
3
22 9 3521
3
22 9 3522
3
22 9 3523
3
22 9 3524
3
22 9 3525
3
22 9 3526
3
22 9 3527
3
22 9 3528
3
22 9 3529
3
22 9 3530
3
22 9 3531
3
22 9 3532
3
22 9 3533
3
22 9 3534
3
22 9 3535
3
22 9 3536
3
22 9 3537
3
22 9 3538
3
22 9 3539
3
22 9 3540
3
22 9 3541
3
22 9 3542
3
22 9 3543
3
22 9 3544
3
22 9 3545
3
22 9 3546
3
22 9 3547
3
21 9 3548
3
22 9 3549
3
22 9 3550
3
22 9 3551
3
21 9 3552
3
22 9 3553
3
22 9 3554
3
22 9 3555
3
21 9 3556
3
22 9 3557
3
22 9 3558
3
22 9 3559
3
21 9 3560
3
22 9 3561
3
22 9 3562
3
22 9 3563
3
21 9 3564
3
22 9 3565
3
22 9 3566
3
22 9 3567
3
21 9 3568
3
22 9 3569
3
22 9 3570
3
22 9 3571
3
21 9 3572
3
21 9 3573
3
22 9 3574
3
22 9 3575
3
21 9 3576
3
21 9 3577
3
22 9 3578
3
22 9 3579
3
21 9 3580
3
21 9 3581
3
22 9 3582
3
22 9 3583
3
21 9 3584
3
21 9 3585
3
22 9 3586
3
22 9 3587
3
21 9 3588
3
21 9 3589
3
22 9 3590
3
22 9 3591
3
21 9 3592
3
21 9 3593
3
22 9 3594
3
22 9 3595
3
21 9 3596
3
21 9 3597
3
22 9 3598
3
22 9 3599
3
21 9 3600
3
21 9 3601
3
21 9 3602
3
22 9 3603
3
21 9 3604
3
21 9 3605
3
22 9 3606
3
22 9 3607
3
21 9 3608
3
21 9 3609
3
21 9 3610
3
22 9 3611
3
21 9 3612
3
21 9 3613
3
21 9 3614
3
22 9 3615
3
21 9 3616
3
21 9 3617
3
21 9 3618
3
22 9 3619
3
21 9 3620
3
21 9 3621
3
21 9 3622
3
22 9 3623
3
21 9 3624
3
21 9 3625
3
21 9 3626
3
22 9 3627
3
21 9 3628
3
21 9 3629
3
21 9 3630
3
22 9 3631
3
21 9 3632
3
21 9 3633
3
21 9 3634
3
22 9 3635
3
21 9 3636
3
21 9 3637
3
21 9 3638
3
21 9 3639
3
21 9 3640
3
21 9 3641
3
21 9 3642
3
21 9 3643
3
21 9 3644
3
21 9 3645
3
21 9 3646
3
21 9 3647
3
21 9 3648
3
21 9 3649
3
21 9 3650
3
21 9 3651
3
21 9 3652
3
21 9 3653
3
21 9 3654
3
21 9 3655
3
21 9 3656
3
21 9 3657
3
21 9 3658
3
21 9 3659
3
21 9 3660
3
21 9 3661
3
21 9 3662
3
21 9 3663
3
21 9 3664
3
21 9 3665
3
21 9 3666
3
21 9 3667
3
20 9 3668
3
21 9 3669
3
21 9 3670
3
21 9 3671
3
20 9 3672
3
21 9 3673
3
21 9 3674
3
21 9 3675
3
20 9 3676
3
21 9 3677
3
21 9 3678
3
21 9 3679
3
20 9 3680
3
21 9 3681
3
21 9 3682
3
21 9 3683
3
20 9 3684
3
21 9 3685
3
21 9 3686
3
21 9 3687
3
20 9 3688
3
20 9 3689
3
21 9 3690
3
21 9 3691
3
20 9 3692
3
20 9 3693
3
21 9 3694
3
21 9 3695
3
20 9 3696
3
20 9 3697
3
21 9 3698
3
21 9 3699
3
21 9 3700
3
21 9 3701
3
22 9 3702
3
22 9 3703
3
21 9 3704
3
21 9 3705
3
22 9 3706
3
22 9 3707
3
21 9 3708
3
21 9 3709
3
22 9 3710
3
22 9 3711
3
21 9 3712
3
21 9 3713
3
22 9 3714
3
22 9 3715
3
21 9 3716
3
21 9 3717
3
22 9 3718
3
22 9 3719
3
21 9 3720
3
21 9 3721
3
22 9 3722
3
22 9 3723
3
21 9 3724
3
21 9 3725
3
21 9 3726
3
22 9 3727
3
21 9 3728
3
21 9 3729
3
21 9 3730
3
22 9 3731
3
21 9 3732
3
21 9 3733
3
21 9 3734
3
22 9 3735
3
21 9 3736
3
21 9 3737
3
21 9 3738
3
22 9 3739
3
21 9 3740
3
21 9 3741
3
21 9 3742
3
22 9 3743
3
21 9 3744
3
21 9 3745
3
21 9 3746
3
22 9 3747
3
21 9 3748
3
21 9 3749
3
21 9 3750
3
22 9 3751
3
21 9 3752
3
21 9 3753
3
21 9 3754
3
21 9 3755
3
21 9 3756
3
21 9 3757
3
21 9 3758
3
21 9 3759
3
21 9 3760
3
21 9 3761
3
21 9 3762
3
21 9 3763
3
21 9 3764
3
21 9 3765
3
21 9 3766
3
21 9 3767
3
21 9 3768
3
21 9 3769
3
21 9 3770
3
21 9 3771
3
21 9 3772
3
21 9 3773
3
21 9 3774
3
21 9 3775
3
21 9 3776
3
21 9 3777
3
21 9 3778
3
21 9 3779
3
21 9 3780
3
21 9 3781
3
21 9 3782
3
21 9 3783
3
21 9 3784
3
21 9 3785
3
21 9 3786
3
21 9 3787
3
20 9 3788
3
21 9 3789
3
21 9 3790
3
21 9 3791
3
20 9 3792
3
21 9 3793
3
21 9 3794
3
21 9 3795
3
20 9 3796
3
21 9 3797
3
21 9 3798
3
21 9 3799
3
21 9 3800
3
22 9 3801
3
22 9 3802
3
22 9 3803
3
21 9 3804
3
22 9 3805
3
22 9 3806
3
22 9 3807
3
21 9 3808
3
22 9 3809
3
22 9 3810
3
22 9 3811
3
21 9 3812
3
22 9 3813
3
22 9 3814
3
22 9 3815
3
21 9 3816
3
21 9 3817
3
22 9 3818
3
22 9 3819
3
21 9 3820
3
21 9 3821
3
22 9 3822
3
22 9 3823
3
21 9 3824
3
21 9 3825
3
22 9 3826
3
22 9 3827
3
21 9 3828
3
21 9 3829
3
22 9 3830
3
22 9 3831
3
21 9 3832
3
21 9 3833
3
22 9 3834
3
22 9 3835
3
21 9 3836
3
21 9 3837
3
22 9 3838
3
22 9 3839
3
21 9 3840
3
21 9 3841
3
22 9 3842
3
22 9 3843
3
21 9 3844
3
21 9 3845
3
21 9 3846
3
22 9 3847
3
21 9 3848
3
21 9 3849
3
21 9 3850
3
22 9 3851
3
21 9 3852
3
21 9 3853
3
21 9 3854
3
22 9 3855
3
21 9 3856
3
21 9 3857
3
21 9 3858
3
22 9 3859
3
21 9 3860
3
21 9 3861
3
21 9 3862
3
22 9 3863
3
21 9 3864
3
21 9 3865
3
21 9 3866
3
22 9 3867
3
21 9 3868
3
21 9 3869
3
21 9 3870
3
22 9 3871
3
21 9 3872
3
21 9 3873
3
21 9 3874
3
21 9 3875
3
21 9 3876
3
21 9 3877
3
21 9 3878
3
21 9 3879
3
21 9 3880
3
21 9 3881
3
21 9 3882
3
21 9 3883
3
21 9 3884
3
21 9 3885
3
21 9 3886
3
21 9 3887
3
21 9 3888
3
21 9 3889
3
21 9 3890
3
21 9 3891
3
21 9 3892
3
21 9 3893
3
21 9 3894
3
21 9 3895
3
21 9 3896
3
21 9 3897
3
21 9 3898
3
21 9 3899
3
22 9 3900
3
22 9 3901
3
22 9 3902
3
22 9 3903
3
22 9 3904
3
22 9 3905
3
22 9 3906
3
22 9 3907
3
22 9 3908
3
22 9 3909
3
22 9 3910
3
22 9 3911
3
21 9 3912
3
22 9 3913
3
22 9 3914
3
22 9 3915
3
21 9 3916
3
22 9 3917
3
22 9 3918
3
22 9 3919
3
21 9 3920
3
22 9 3921
3
22 9 3922
3
22 9 3923
3
21 9 3924
3
22 9 3925
3
22 9 3926
3
22 9 3927
3
21 9 3928
3
22 9 3929
3
22 9 3930
3
22 9 3931
3
21 9 3932
3
21 9 3933
3
22 9 3934
3
22 9 3935
3
21 9 3936
3
21 9 3937
3
22 9 3938
3
22 9 3939
3
21 9 3940
3
21 9 3941
3
22 9 3942
3
22 9 3943
3
21 9 3944
3
21 9 3945
3
22 9 3946
3
22 9 3947
3
21 9 3948
3
21 9 3949
3
22 9 3950
3
22 9 3951
3
21 9 3952
3
21 9 3953
3
22 9 3954
3
22 9 3955
3
21 9 3956
3
21 9 3957
3
22 9 3958
3
22 9 3959
3
21 9 3960
3
21 9 3961
3
21 9 3962
3
22 9 3963
3
21 9 3964
3
21 9 3965
3
21 9 3966
3
22 9 3967
3
21 9 3968
3
21 9 3969
3
21 9 3970
3
22 9 3971
3
21 9 3972
3
21 9 3973
3
21 9 3974
3
22 9 3975
3
21 9 3976
3
21 9 3977
3
21 9 3978
3
22 9 3979
3
21 9 3980
3
21 9 3981
3
21 9 3982
3
22 9 3983
3
21 9 3984
3
21 9 3985
3
21 9 3986
3
22 9 3987
3
21 9 3988
3
21 9 3989
3
21 9 3990
3
22 9 3991
3
21 9 3992
3
21 9 3993
3
21 9 3994
3
22 9 3995
3
21 9 3996
3
21 9 3997
3
21 9 3998
3
21 9 3999
3
21 9 4000
3
21 9 4001
3
21 9 4002
3
21 9 4003
3
21 9 4004
3
21 9 4005
3
21 9 4006
3
21 9 4007
3
21 9 4008
3
21 9 4009
3
21 9 4010
3
21 9 4011
3
21 9 4012
3
21 9 4013
3
21 9 4014
3
21 9 4015
3
21 9 4016
3
21 9 4017
3
21 9 4018
3
21 9 4019
3
21 9 4020
3
21 9 4021
3
21 9 4022
3
21 9 4023
3
21 9 4024
3
21 9 4025
3
21 9 4026
3
21 9 4027
3
20 9 4028
3
21 9 4029
3
21 9 4030
3
21 9 4031
3
20 9 4032
3
21 9 4033
3
21 9 4034
3
21 9 4035
3
20 9 4036
3
21 9 4037
3
21 9 4038
3
21 9 4039
3
20 9 4040
3
21 9 4041
3
21 9 4042
3
21 9 4043
3
20 9 4044
3
20 9 4045
3
21 9 4046
3
21 9 4047
3
20 9 4048
3
20 9 4049
3
21 9 4050
3
21 9 4051
3
20 9 4052
3
20 9 4053
3
21 9 4054
3
21 9 4055
3
20 9 4056
3
20 9 4057
3
21 9 4058
3
21 9 4059
3
20 9 4060
3
20 9 4061
3
21 9 4062
3
21 9 4063
3
20 9 4064
3
20 9 4065
3
20 9 4066
3
21 9 4067
3
20 9 4068
3
20 9 4069
3
20 9 4070
3
21 9 4071
3
20 9 4072
3
20 9 4073
3
20 9 4074
3
21 9 4075
3
20 9 4076
3
20 9 4077
3
20 9 4078
3
21 9 4079
3
20 9 4080
3
20 9 4081
3
20 9 4082
3
21 9 4083
3
20 9 4084
3
20 9 4085
3
20 9 4086
3
21 9 4087
3
20 9 4088
3
20 9 4089
3
20 9 4090
3
21 9 4091
3
20 9 4092
3
20 9 4093
3
20 9 4094
3
21 9 4095
3
20 9 4096
3
20 9 4097
3
20 9 4098
3
20 9 4099
3
21 9 4100
3
21 9 4101
3
21 9 4102
3
22 9 4103
3
21 9 4104
3
21 9 4105
3
21 9 4106
3
21 9 4107
3
21 9 4108
3
21 9 4109
3
21 9 4110
3
21 9 4111
3
21 9 4112
3
21 9 4113
3
21 9 4114
3
21 9 4115
3
21 9 4116
3
21 9 4117
3
21 9 4118
3
21 9 4119
3
21 9 4120
3
21 9 4121
3
21 9 4122
3
21 9 4123
3
21 9 4124
3
21 9 4125
3
21 9 4126
3
21 9 4127
3
21 9 4128
3
21 9 4129
3
21 9 4130
3
21 9 4131
3
21 9 4132
3
21 9 4133
3
21 9 4134
3
21 9 4135
3
20 9 4136
3
21 9 4137
3
21 9 4138
3
21 9 4139
3
20 9 4140
3
21 9 4141
3
21 9 4142
3
21 9 4143
3
20 9 4144
3
21 9 4145
3
21 9 4146
3
21 9 4147
3
20 9 4148
3
21 9 4149
3
21 9 4150
3
21 9 4151
3
20 9 4152
3
21 9 4153
3
21 9 4154
3
21 9 4155
3
20 9 4156
3
20 9 4157
3
21 9 4158
3
21 9 4159
3
20 9 4160
3
20 9 4161
3
21 9 4162
3
21 9 4163
3
20 9 4164
3
20 9 4165
3
21 9 4166
3
21 9 4167
3
20 9 4168
3
20 9 4169
3
21 9 4170
3
21 9 4171
3
20 9 4172
3
20 9 4173
3
21 9 4174
3
21 9 4175
3
20 9 4176
3
20 9 4177
3
21 9 4178
3
21 9 4179
3
20 9 4180
3
20 9 4181
3
21 9 4182
3
21 9 4183
3
20 9 4184
3
20 9 4185
3
20 9 4186
3
21 9 4187
3
20 9 4188
3
20 9 4189
3
20 9 4190
3
21 9 4191
3
20 9 4192
3
20 9 4193
3
20 9 4194
3
21 9 4195
3
20 9 4196
3
20 9 4197
3
20 9 4198
3
21 9 4199
3
21 9 4200
3
21 9 4201
3
21 9 4202
3
22 9 4203
3
21 9 4204
3
21 9 4205
3
21 9 4206
3
22 9 4207
3
21 9 4208
3
21 9 4209
3
21 9 4210
3
22 9 4211
3
21 9 4212
3
21 9 4213
3
21 9 4214
3
22 9 4215
3
21 9 4216
3
21 9 4217
3
21 9 4218
3
22 9 4219
3
21 9 4220
3
21 9 4221
3
21 9 4222
3
21 9 4223
3
21 9 4224
3
21 9 4225
3
21 9 4226
3
21 9 4227
3
21 9 4228
3
21 9 4229
3
21 9 4230
3
21 9 4231
3
21 9 4232
3
21 9 4233
3
21 9 4234
3
21 9 4235
3
21 9 4236
3
21 9 4237
3
21 9 4238
3
21 9 4239
3
21 9 4240
3
21 9 4241
3
21 9 4242
3
21 9 4243
3
20 9 4244
3
21 9 4245
3
21 9 4246
3
21 9 4247
3
20 9 4248
3
21 9 4249
3
21 9 4250
3
21 9 4251
3
20 9 4252
3
21 9 4253
3
21 9 4254
3
21 9 4255
3
20 9 4256
3
21 9 4257
3
21 9 4258
3
21 9 4259
3
20 9 4260
3
21 9 4261
3
21 9 4262
3
21 9 4263
3
20 9 4264
3
21 9 4265
3
21 9 4266
3
21 9 4267
3
20 9 4268
3
21 9 4269
3
21 9 4270
3
21 9 4271
3
20 9 4272
3
20 9 4273
3
21 9 4274
3
21 9 4275
3
20 9 4276
3
20 9 4277
3
21 9 4278
3
21 9 4279
3
20 9 4280
3
20 9 4281
3
21 9 4282
3
21 9 4283
3
20 9 4284
3
20 9 4285
3
21 9 4286
3
21 9 4287
3
20 9 4288
3
20 9 4289
3
21 9 4290
3
21 9 4291
3
20 9 4292
3
20 9 4293
3
21 9 4294
3
21 9 4295
3
20 9 4296
3
20 9 4297
3
21 9 4298
3
21 9 4299
3
21 9 4300
3
21 9 4301
3
22 9 4302
3
22 9 4303
3
21 9 4304
3
21 9 4305
3
22 9 4306
3
22 9 4307
3
21 9 4308
3
21 9 4309
3
21 9 4310
3
22 9 4311
3
21 9 4312
3
21 9 4313
3
21 9 4314
3
22 9 4315
3
21 9 4316
3
21 9 4317
3
21 9 4318
3
22 9 4319
3
21 9 4320
3
21 9 4321
3
21 9 4322
3
22 9 4323
3
21 9 4324
3
21 9 4325
3
21 9 4326
3
22 9 4327
3
21 9 4328
3
21 9 4329
3
21 9 4330
3
22 9 4331
3
21 9 4332
3
21 9 4333
3
21 9 4334
3
22 9 4335
3
21 9 4336
3
21 9 4337
3
21 9 4338
3
22 9 4339
3
21 9 4340
3
21 9 4341
3
21 9 4342
3
21 9 4343
3
21 9 4344
3
21 9 4345
3
21 9 4346
3
21 9 4347
3
21 9 4348
3
21 9 4349
3
21 9 4350
3
21 9 4351
3
21 9 4352
3
21 9 4353
3
21 9 4354
3
21 9 4355
3
21 9 4356
3
21 9 4357
3
21 9 4358
3
21 9 4359
3
21 9 4360
3
21 9 4361
3
21 9 4362
3
21 9 4363
3
20 9 4364
3
21 9 4365
3
21 9 4366
3
21 9 4367
3
20 9 4368
3
21 9 4369
3
21 9 4370
3
21 9 4371
3
20 9 4372
3
21 9 4373
3
21 9 4374
3
21 9 4375
3
20 9 4376
3
21 9 4377
3
21 9 4378
3
21 9 4379
3
20 9 4380
3
21 9 4381
3
21 9 4382
3
21 9 4383
3
20 9 4384
3
21 9 4385
3
21 9 4386
3
21 9 4387
3
20 9 4388
3
21 9 4389
3
21 9 4390
3
21 9 4391
3
20 9 4392
3
21 9 4393
3
21 9 4394
3
21 9 4395
3
20 9 4396
3
21 9 4397
3
21 9 4398
3
21 9 4399
3
20 9 4400
3
20 9 4401
3
21 9 4402
3
21 9 4403
3
20 9 4404
3
20 9 4405
3
21 9 4406
3
21 9 4407
3
20 9 4408
3
20 9 4409
3
21 9 4410
3
21 9 4411
3
20 9 4412
3
20 9 4413
3
21 9 4414
3
21 9 4415
3
20 9 4416
3
20 9 4417
3
21 9 4418
3
21 9 4419
3
20 9 4420
3
20 9 4421
3
21 9 4422
3
21 9 4423
3
20 9 4424
3
20 9 4425
3
21 9 4426
3
21 9 4427
3
20 9 4428
3
20 9 4429
3
20 9 4430
3
21 9 4431
3
20 9 4432
3
20 9 4433
3
20 9 4434
3
21 9 4435
3
20 9 4436
3
20 9 4437
3
20 9 4438
3
21 9 4439
3
20 9 4440
3
20 9 4441
3
20 9 4442
3
21 9 4443
3
20 9 4444
3
20 9 4445
3
20 9 4446
3
21 9 4447
3
20 9 4448
3
20 9 4449
3
20 9 4450
3
20 9 4451
3
20 9 4452
3
20 9 4453
3
20 9 4454
3
20 9 4455
3
20 9 4456
3
20 9 4457
3
20 9 4458
3
20 9 4459
3
20 9 4460
3
20 9 4461
3
20 9 4462
3
20 9 4463
3
20 9 4464
3
20 9 4465
3
20 9 4466
3
20 9 4467
3
20 9 4468
3
20 9 4469
3
20 9 4470
3
20 9 4471
3
20 9 4472
3
20 9 4473
3
20 9 4474
3
20 9 4475
3
20 9 4476
3
20 9 4477
3
20 9 4478
3
20 9 4479
3
19 9 4480
3
20 9 4481
3
20 9 4482
3
20 9 4483
3
19 9 4484
3
20 9 4485
3
20 9 4486
3
20 9 4487
3
19 9 4488
3
20 9 4489
3
20 9 4490
3
20 9 4491
3
19 9 4492
3
20 9 4493
3
20 9 4494
3
20 9 4495
3
19 9 4496
3
20 9 4497
3
20 9 4498
3
20 9 4499
3
20 9 4500
3
21 9 4501
3
21 9 4502
3
21 9 4503
3
20 9 4504
3
21 9 4505
3
21 9 4506
3
21 9 4507
3
20 9 4508
3
21 9 4509
3
21 9 4510
3
21 9 4511
3
20 9 4512
3
21 9 4513
3
21 9 4514
3
21 9 4515
3
20 9 4516
3
20 9 4517
3
21 9 4518
3
21 9 4519
3
20 9 4520
3
20 9 4521
3
21 9 4522
3
21 9 4523
3
20 9 4524
3
20 9 4525
3
21 9 4526
3
21 9 4527
3
20 9 4528
3
20 9 4529
3
21 9 4530
3
21 9 4531
3
20 9 4532
3
20 9 4533
3
21 9 4534
3
21 9 4535
3
20 9 4536
3
20 9 4537
3
21 9 4538
3
21 9 4539
3
20 9 4540
3
20 9 4541
3
21 9 4542
3
21 9 4543
3
20 9 4544
3
20 9 4545
3
20 9 4546
3
21 9 4547
3
20 9 4548
3
20 9 4549
3
20 9 4550
3
21 9 4551
3
20 9 4552
3
20 9 4553
3
20 9 4554
3
21 9 4555
3
20 9 4556
3
20 9 4557
3
20 9 4558
3
21 9 4559
3
20 9 4560
3
20 9 4561
3
20 9 4562
3
21 9 4563
3
20 9 4564
3
20 9 4565
3
20 9 4566
3
21 9 4567
3
20 9 4568
3
20 9 4569
3
20 9 4570
3
20 9 4571
3
20 9 4572
3
20 9 4573
3
20 9 4574
3
20 9 4575
3
20 9 4576
3
20 9 4577
3
20 9 4578
3
20 9 4579
3
20 9 4580
3
20 9 4581
3
20 9 4582
3
20 9 4583
3
20 9 4584
3
20 9 4585
3
20 9 4586
3
20 9 4587
3
20 9 4588
3
20 9 4589
3
20 9 4590
3
20 9 4591
3
20 9 4592
3
20 9 4593
3
20 9 4594
3
20 9 4595
3
20 9 4596
3
20 9 4597
3
20 9 4598
3
20 9 4599
3
21 9 4600
3
21 9 4601
3
21 9 4602
3
21 9 4603
3
21 9 4604
3
21 9 4605
3
21 9 4606
3
21 9 4607
3
20 9 4608
3
21 9 4609
3
21 9 4610
3
21 9 4611
3
20 9 4612
3
21 9 4613
3
21 9 4614
3
21 9 4615
3
20 9 4616
3
21 9 4617
3
21 9 4618
3
21 9 4619
3
20 9 4620
3
21 9 4621
3
21 9 4622
3
21 9 4623
3
20 9 4624
3
21 9 4625
3
21 9 4626
3
21 9 4627
3
20 9 4628
3
21 9 4629
3
21 9 4630
3
21 9 4631
3
20 9 4632
3
20 9 4633
3
21 9 4634
3
21 9 4635
3
20 9 4636
3
20 9 4637
3
21 9 4638
3
21 9 4639
3
20 9 4640
3
20 9 4641
3
21 9 4642
3
21 9 4643
3
20 9 4644
3
20 9 4645
3
21 9 4646
3
21 9 4647
3
20 9 4648
3
20 9 4649
3
21 9 4650
3
21 9 4651
3
20 9 4652
3
20 9 4653
3
21 9 4654
3
21 9 4655
3
20 9 4656
3
20 9 4657
3
20 9 4658
3
21 9 4659
3
20 9 4660
3
20 9 4661
3
20 9 4662
3
21 9 4663
3
20 9 4664
3
20 9 4665
3
20 9 4666
3
21 9 4667
3
20 9 4668
3
20 9 4669
3
20 9 4670
3
21 9 4671
3
20 9 4672
3
20 9 4673
3
20 9 4674
3
21 9 4675
3
20 9 4676
3
20 9 4677
3
20 9 4678
3
21 9 4679
3
20 9 4680
3
20 9 4681
3
20 9 4682
3
21 9 4683
3
20 9 4684
3
20 9 4685
3
20 9 4686
3
21 9 4687
3
20 9 4688
3
20 9 4689
3
20 9 4690
3
21 9 4691
3
20 9 4692
3
20 9 4693
3
20 9 4694
3
20 9 4695
3
20 9 4696
3
20 9 4697
3
20 9 4698
3
20 9 4699
3
21 9 4700
3
21 9 4701
3
21 9 4702
3
21 9 4703
3
21 9 4704
3
21 9 4705
3
21 9 4706
3
21 9 4707
3
21 9 4708
3
21 9 4709
3
21 9 4710
3
21 9 4711
3
20 9 4712
3
21 9 4713
3
21 9 4714
3
21 9 4715
3
20 9 4716
3
21 9 4717
3
21 9 4718
3
21 9 4719
3
20 9 4720
3
21 9 4721
3
21 9 4722
3
21 9 4723
3
20 9 4724
3
21 9 4725
3
21 9 4726
3
21 9 4727
3
20 9 4728
3
21 9 4729
3
21 9 4730
3
21 9 4731
3
20 9 4732
3
20 9 4733
3
21 9 4734
3
21 9 4735
3
20 9 4736
3
20 9 4737
3
21 9 4738
3
21 9 4739
3
20 9 4740
3
20 9 4741
3
21 9 4742
3
21 9 4743
3
20 9 4744
3
20 9 4745
3
21 9 4746
3
21 9 4747
3
20 9 4748
3
20 9 4749
3
21 9 4750
3
21 9 4751
3
20 9 4752
3
20 9 4753
3
21 9 4754
3
21 9 4755
3
20 9 4756
3
20 9 4757
3
21 9 4758
3
21 9 4759
3
20 9 4760
3
20 9 4761
3
20 9 4762
3
21 9 4763
3
20 9 4764
3
20 9 4765
3
20 9 4766
3
21 9 4767
3
20 9 4768
3
20 9 4769
3
20 9 4770
3
21 9 4771
3
20 9 4772
3
20 9 4773
3
20 9 4774
3
21 9 4775
3
20 9 4776
3
20 9 4777
3
20 9 4778
3
21 9 4779
3
20 9 4780
3
20 9 4781
3
20 9 4782
3
21 9 4783
3
20 9 4784
3
20 9 4785
3
20 9 4786
3
21 9 4787
3
20 9 4788
3
20 9 4789
3
20 9 4790
3
21 9 4791
3
20 9 4792
3
20 9 4793
3
20 9 4794
3
21 9 4795
3
20 9 4796
3
20 9 4797
3
20 9 4798
3
20 9 4799
3
20 9 4800
3
20 9 4801
3
20 9 4802
3
20 9 4803
3
20 9 4804
3
20 9 4805
3
20 9 4806
3
20 9 4807
3
20 9 4808
3
20 9 4809
3
20 9 4810
3
20 9 4811
3
20 9 4812
3
20 9 4813
3
20 9 4814
3
20 9 4815
3
20 9 4816
3
20 9 4817
3
20 9 4818
3
20 9 4819
3
20 9 4820
3
20 9 4821
3
20 9 4822
3
20 9 4823
3
20 9 4824
3
20 9 4825
3
20 9 4826
3
20 9 4827
3
19 9 4828
3
20 9 4829
3
20 9 4830
3
20 9 4831
3
19 9 4832
3
20 9 4833
3
20 9 4834
3
20 9 4835
3
19 9 4836
3
20 9 4837
3
20 9 4838
3
20 9 4839
3
19 9 4840
3
20 9 4841
3
20 9 4842
3
20 9 4843
3
19 9 4844
3
20 9 4845
3
20 9 4846
3
20 9 4847
3
19 9 4848
3
20 9 4849
3
20 9 4850
3
20 9 4851
3
19 9 4852
3
19 9 4853
3
20 9 4854
3
20 9 4855
3
19 9 4856
3
19 9 4857
3
20 9 4858
3
20 9 4859
3
19 9 4860
3
19 9 4861
3
20 9 4862
3
20 9 4863
3
19 9 4864
3
19 9 4865
3
20 9 4866
3
20 9 4867
3
19 9 4868
3
19 9 4869
3
20 9 4870
3
20 9 4871
3
19 9 4872
3
19 9 4873
3
20 9 4874
3
20 9 4875
3
19 9 4876
3
19 9 4877
3
20 9 4878
3
20 9 4879
3
19 9 4880
3
19 9 4881
3
19 9 4882
3
20 9 4883
3
19 9 4884
3
19 9 4885
3
20 9 4886
3
20 9 4887
3
19 9 4888
3
19 9 4889
3
19 9 4890
3
20 9 4891
3
19 9 4892
3
19 9 4893
3
19 9 4894
3
20 9 4895
3
19 9 4896
3
19 9 4897
3
19 9 4898
3
20 9 4899
3
20 9 4900
3
20 9 4901
3
20 9 4902
3
21 9 4903
3
20 9 4904
3
20 9 4905
3
20 9 4906
3
21 9 4907
3
20 9 4908
3
20 9 4909
3
20 9 4910
3
21 9 4911
3
20 9 4912
3
20 9 4913
3
20 9 4914
3
20 9 4915
3
20 9 4916
3
20 9 4917
3
20 9 4918
3
20 9 4919
3
20 9 4920
3
20 9 4921
3
20 9 4922
3
20 9 4923
3
20 9 4924
3
20 9 4925
3
20 9 4926
3
20 9 4927
3
20 9 4928
3
20 9 4929
3
20 9 4930
3
20 9 4931
3
20 9 4932
3
20 9 4933
3
20 9 4934
3
20 9 4935
3
20 9 4936
3
20 9 4937
3
20 9 4938
3
20 9 4939
3
20 9 4940
3
20 9 4941
3
20 9 4942
3
20 9 4943
3
20 9 4944
3
20 9 4945
3
20 9 4946
3
20 9 4947
3
19 9 4948
3
20 9 4949
3
20 9 4950
3
20 9 4951
3
19 9 4952
3
20 9 4953
3
20 9 4954
3
20 9 4955
3
19 9 4956
3
20 9 4957
3
20 9 4958
3
20 9 4959
3
19 9 4960
3
19 9 4961
3
20 9 4962
3
20 9 4963
3
19 9 4964
3
19 9 4965
3
20 9 4966
3
20 9 4967
3
19 9 4968
3
19 9 4969
3
20 9 4970
3
20 9 4971
3
19 9 4972
3
19 9 4973
3
20 9 4974
3
20 9 4975
3
19 9 4976
3
19 9 4977
3
20 9 4978
3
20 9 4979
3
19 9 4980
3
19 9 4981
3
20 9 4982
3
20 9 4983
3
19 9 4984
3
19 9 4985
3
20 9 4986
3
20 9 4987
3
19 9 4988
3
19 9 4989
3
19 9 4990
3
20 9 4991
3
19 9 4992
3
19 9 4993
3
19 9 4994
3
20 9 4995
3
19 9 4996
3
19 9 4997
3
19 9 4998
3
20 9 4999
3
20 9 5000
3
20 9 5001
3
20 9 5002
3
21 9 5003
3
20 9 5004
3
20 9 5005
3
20 9 5006
3
21 9 5007
3
20 9 5008
3
20 9 5009
3
20 9 5010
3
21 9 5011
3
20 9 5012
3
20 9 5013
3
20 9 5014
3
21 9 5015
3
20 9 5016
3
20 9 5017
3
20 9 5018
3
20 9 5019
3
20 9 5020
3
20 9 5021
3
20 9 5022
3
20 9 5023
3
20 9 5024
3
20 9 5025
3
20 9 5026
3
20 9 5027
3
20 9 5028
3
20 9 5029
3
20 9 5030
3
20 9 5031
3
20 9 5032
3
20 9 5033
3
20 9 5034
3
20 9 5035
3
20 9 5036
3
20 9 5037
3
20 9 5038
3
20 9 5039
3
20 9 5040
3
20 9 5041
3
20 9 5042
3
20 9 5043
3
20 9 5044
3
20 9 5045
3
20 9 5046
3
20 9 5047
3
20 9 5048
3
20 9 5049
3
20 9 5050
3
20 9 5051
3
20 9 5052
3
20 9 5053
3
20 9 5054
3
20 9 5055
3
20 9 5056
3
20 9 5057
3
20 9 5058
3
20 9 5059
3
19 9 5060
3
20 9 5061
3
20 9 5062
3
20 9 5063
3
19 9 5064
3
20 9 5065
3
20 9 5066
3
20 9 5067
3
19 9 5068
3
20 9 5069
3
20 9 5070
3
20 9 5071
3
19 9 5072
3
20 9 5073
3
20 9 5074
3
20 9 5075
3
19 9 5076
3
20 9 5077
3
20 9 5078
3
20 9 5079
3
19 9 5080
3
20 9 5081
3
20 9 5082
3
20 9 5083
3
19 9 5084
3
20 9 5085
3
20 9 5086
3
20 9 5087
3
19 9 5088
3
19 9 5089
3
20 9 5090
3
20 9 5091
3
19 9 5092
3
19 9 5093
3
20 9 5094
3
20 9 5095
3
19 9 5096
3
19 9 5097
3
20 9 5098
3
20 9 5099
3
20 9 5100
3
20 9 5101
3
21 9 5102
3
21 9 5103
3
20 9 5104
3
20 9 5105
3
21 9 5106
3
21 9 5107
3
20 9 5108
3
20 9 5109
3
21 9 5110
3
21 9 5111
3
20 9 5112
3
20 9 5113
3
21 9 5114
3
21 9 5115
3
20 9 5116
3
20 9 5117
3
20 9 5118
3
21 9 5119
3
20 9 5120
3
20 9 5121
3
21 9 5122
3
21 9 5123
3
20 9 5124
3
20 9 5125
3
20 9 5126
3
21 9 5127
3
20 9 5128
3
20 9 5129
3
20 9 5130
3
21 9 5131
3
20 9 5132
3
20 9 5133
3
20 9 5134
3
21 9 5135
3
20 9 5136
3
20 9 5137
3
20 9 5138
3
21 9 5139
3
20 9 5140
3
20 9 5141
3
20 9 5142
3
20 9 5143
3
20 9 5144
3
20 9 5145
3
20 9 5146
3
20 9 5147
3
20 9 5148
3
20 9 5149
3
20 9 5150
3
20 9 5151
3
20 9 5152
3
20 9 5153
3
20 9 5154
3
20 9 5155
3
20 9 5156
3
20 9 5157
3
20 9 5158
3
20 9 5159
3
20 9 5160
3
20 9 5161
3
20 9 5162
3
20 9 5163
3
20 9 5164
3
20 9 5165
3
20 9 5166
3
20 9 5167
3
19 9 5168
3
20 9 5169
3
20 9 5170
3
20 9 5171
3
19 9 5172
3
20 9 5173
3
20 9 5174
3
20 9 5175
3
19 9 5176
3
20 9 5177
3
20 9 5178
3
20 9 5179
3
19 9 5180
3
20 9 5181
3
20 9 5182
3
20 9 5183
3
19 9 5184
3
20 9 5185
3
20 9 5186
3
20 9 5187
3
19 9 5188
3
20 9 5189
3
20 9 5190
3
20 9 5191
3
19 9 5192
3
20 9 5193
3
20 9 5194
3
20 9 5195
3
19 9 5196
3
19 9 5197
3
20 9 5198
3
20 9 5199
3
19 9 5200
3
19 9 5201
3
20 9 5202
3
20 9 5203
3
19 9 5204
3
19 9 5205
3
20 9 5206
3
20 9 5207
3
19 9 5208
3
19 9 5209
3
20 9 5210
3
20 9 5211
3
19 9 5212
3
19 9 5213
3
20 9 5214
3
20 9 5215
3
19 9 5216
3
19 9 5217
3
20 9 5218
3
20 9 5219
3
19 9 5220
3
19 9 5221
3
19 9 5222
3
20 9 5223
3
19 9 5224
3
19 9 5225
3
19 9 5226
3
20 9 5227
3
19 9 5228
3
19 9 5229
3
19 9 5230
3
20 9 5231
3
19 9 5232
3
19 9 5233
3
19 9 5234
3
20 9 5235
3
19 9 5236
3
19 9 5237
3
19 9 5238
3
20 9 5239
3
19 9 5240
3
19 9 5241
3
19 9 5242
3
20 9 5243
3
19 9 5244
3
19 9 5245
3
19 9 5246
3
19 9 5247
3
19 9 5248
3
19 9 5249
3
19 9 5250
3
20 9 5251
3
19 9 5252
3
19 9 5253
3
19 9 5254
3
19 9 5255
3
19 9 5256
3
19 9 5257
3
19 9 5258
3
19 9 5259
3
19 9 5260
3
19 9 5261
3
19 9 5262
3
19 9 5263
3
19 9 5264
3
19 9 5265
3
19 9 5266
3
19 9 5267
3
19 9 5268
3
19 9 5269
3
19 9 5270
3
19 9 5271
3
19 9 5272
3
19 9 5273
3
19 9 5274
3
19 9 5275
3
18 9 5276
3
19 9 5277
3
19 9 5278
3
19 9 5279
3
19 9 5280
3
19 9 5281
3
19 9 5282
3
19 9 5283
3
18 9 5284
3
19 9 5285
3
19 9 5286
3
19 9 5287
3
18 9 5288
3
19 9 5289
3
19 9 5290
3
19 9 5291
3
18 9 5292
3
19 9 5293
3
19 9 5294
3
19 9 5295
3
18 9 5296
3
19 9 5297
3
19 9 5298
3
19 9 5299
3
19 9 5300
3
20 9 5301
3
20 9 5302
3
20 9 5303
3
19 9 5304
3
19 9 5305
3
20 9 5306
3
20 9 5307
3
19 9 5308
3
20 9 5309
3
20 9 5310
3
20 9 5311
3
19 9 5312
3
19 9 5313
3
20 9 5314
3
20 9 5315
3
19 9 5316
3
19 9 5317
3
20 9 5318
3
20 9 5319
3
19 9 5320
3
19 9 5321
3
20 9 5322
3
20 9 5323
3
19 9 5324
3
19 9 5325
3
20 9 5326
3
20 9 5327
3
19 9 5328
3
19 9 5329
3
19 9 5330
3
20 9 5331
3
19 9 5332
3
19 9 5333
3
19 9 5334
3
20 9 5335
3
19 9 5336
3
19 9 5337
3
19 9 5338
3
20 9 5339
3
19 9 5340
3
19 9 5341
3
19 9 5342
3
20 9 5343
3
19 9 5344
3
19 9 5345
3
19 9 5346
3
20 9 5347
3
19 9 5348
3
19 9 5349
3
19 9 5350
3
20 9 5351
3
19 9 5352
3
19 9 5353
3
19 9 5354
3
20 9 5355
3
19 9 5356
3
19 9 5357
3
19 9 5358
3
19 9 5359
3
19 9 5360
3
19 9 5361
3
19 9 5362
3
20 9 5363
3
19 9 5364
3
19 9 5365
3
19 9 5366
3
19 9 5367
3
19 9 5368
3
19 9 5369
3
19 9 5370
3
19 9 5371
3
19 9 5372
3
19 9 5373
3
19 9 5374
3
19 9 5375
3
19 9 5376
3
19 9 5377
3
19 9 5378
3
19 9 5379
3
19 9 5380
3
19 9 5381
3
19 9 5382
3
19 9 5383
3
19 9 5384
3
19 9 5385
3
19 9 5386
3
19 9 5387
3
18 9 5388
3
19 9 5389
3
19 9 5390
3
19 9 5391
3
19 9 5392
3
19 9 5393
3
19 9 5394
3
19 9 5395
3
18 9 5396
3
19 9 5397
3
19 9 5398
3
19 9 5399
3
19 9 5400
3
20 9 5401
3
20 9 5402
3
20 9 5403
3
19 9 5404
3
20 9 5405
3
20 9 5406
3
20 9 5407
3
19 9 5408
3
20 9 5409
3
20 9 5410
3
20 9 5411
3
19 9 5412
3
20 9 5413
3
20 9 5414
3
20 9 5415
3
19 9 5416
3
19 9 5417
3
20 9 5418
3
20 9 5419
3
19 9 5420
3
20 9 5421
3
20 9 5422
3
20 9 5423
3
19 9 5424
3
20 9 5425
3
20 9 5426
3
20 9 5427
3
19 9 5428
3
19 9 5429
3
20 9 5430
3
20 9 5431
3
19 9 5432
3
19 9 5433
3
20 9 5434
3
20 9 5435
3
19 9 5436
3
19 9 5437
3
20 9 5438
3
20 9 5439
3
19 9 5440
3
19 9 5441
3
20 9 5442
3
20 9 5443
3
19 9 5444
3
19 9 5445
3
20 9 5446
3
20 9 5447
3
19 9 5448
3
19 9 5449
3
20 9 5450
3
20 9 5451
3
19 9 5452
3
19 9 5453
3
20 9 5454
3
20 9 5455
3
19 9 5456
3
19 9 5457
3
19 9 5458
3
20 9 5459
3
19 9 5460
3
19 9 5461
3
19 9 5462
3
20 9 5463
3
19 9 5464
3
19 9 5465
3
19 9 5466
3
20 9 5467
3
19 9 5468
3
19 9 5469
3
19 9 5470
3
20 9 5471
3
19 9 5472
3
19 9 5473
3
19 9 5474
3
20 9 5475
3
19 9 5476
3
19 9 5477
3
19 9 5478
3
20 9 5479
3
19 9 5480
3
19 9 5481
3
19 9 5482
3
20 9 5483
3
19 9 5484
3
19 9 5485
3
19 9 5486
3
19 9 5487
3
19 9 5488
3
19 9 5489
3
19 9 5490
3
19 9 5491
3
19 9 5492
3
19 9 5493
3
19 9 5494
3
19 9 5495
3
19 9 5496
3
19 9 5497
3
19 9 5498
3
19 9 5499
3
19 9 5500
3
20 9 5501
3
20 9 5502
3
20 9 5503
3
19 9 5504
3
20 9 5505
3
20 9 5506
3
20 9 5507
3
19 9 5508
3
20 9 5509
3
20 9 5510
3
20 9 5511
3
19 9 5512
3
20 9 5513
3
20 9 5514
3
20 9 5515
3
19 9 5516
3
20 9 5517
3
20 9 5518
3
20 9 5519
3
19 9 5520
3
20 9 5521
3
20 9 5522
3
20 9 5523
3
19 9 5524
3
20 9 5525
3
20 9 5526
3
20 9 5527
3
19 9 5528
3
20 9 5529
3
20 9 5530
3
20 9 5531
3
19 9 5532
3
19 9 5533
3
20 9 5534
3
20 9 5535
3
19 9 5536
3
20 9 5537
3
20 9 5538
3
20 9 5539
3
19 9 5540
3
19 9 5541
3
20 9 5542
3
20 9 5543
3
19 9 5544
3
19 9 5545
3
20 9 5546
3
20 9 5547
3
19 9 5548
3
19 9 5549
3
20 9 5550
3
20 9 5551
3
19 9 5552
3
19 9 5553
3
20 9 5554
3
20 9 5555
3
19 9 5556
3
19 9 5557
3
20 9 5558
3
20 9 5559
3
19 9 5560
3
19 9 5561
3
20 9 5562
3
20 9 5563
3
19 9 5564
3
19 9 5565
3
20 9 5566
3
20 9 5567
3
19 9 5568
3
19 9 5569
3
19 9 5570
3
20 9 5571
3
19 9 5572
3
19 9 5573
3
19 9 5574
3
20 9 5575
3
19 9 5576
3
19 9 5577
3
19 9 5578
3
20 9 5579
3
19 9 5580
3
19 9 5581
3
19 9 5582
3
20 9 5583
3
19 9 5584
3
19 9 5585
3
19 9 5586
3
20 9 5587
3
19 9 5588
3
19 9 5589
3
19 9 5590
3
20 9 5591
3
19 9 5592
3
19 9 5593
3
19 9 5594
3
20 9 5595
3
19 9 5596
3
19 9 5597
3
19 9 5598
3
19 9 5599
3
19 9 5600
3
19 9 5601
3
19 9 5602
3
19 9 5603
3
19 9 5604
3
19 9 5605
3
19 9 5606
3
19 9 5607
3
19 9 5608
3
19 9 5609
3
19 9 5610
3
19 9 5611
3
19 9 5612
3
19 9 5613
3
19 9 5614
3
19 9 5615
3
19 9 5616
3
19 9 5617
3
19 9 5618
3
19 9 5619
3
19 9 5620
3
19 9 5621
3
19 9 5622
3
19 9 5623
3
19 9 5624
3
19 9 5625
3
19 9 5626
3
19 9 5627
3
19 9 5628
3
19 9 5629
3
19 9 5630
3
19 9 5631
3
18 9 5632
3
19 9 5633
3
19 9 5634
3
19 9 5635
3
19 9 5636
3
19 9 5637
3
19 9 5638
3
19 9 5639
3
18 9 5640
3
19 9 5641
3
19 9 5642
3
19 9 5643
3
18 9 5644
3
19 9 5645
3
19 9 5646
3
19 9 5647
3
18 9 5648
3
19 9 5649
3
19 9 5650
3
19 9 5651
3
18 9 5652
3
19 9 5653
3
19 9 5654
3
19 9 5655
3
18 9 5656
3
19 9 5657
3
19 9 5658
3
19 9 5659
3
18 9 5660
3
18 9 5661
3
19 9 5662
3
19 9 5663
3
18 9 5664
3
18 9 5665
3
19 9 5666
3
19 9 5667
3
18 9 5668
3
18 9 5669
3
19 9 5670
3
19 9 5671
3
18 9 5672
3
18 9 5673
3
18 9 5674
3
19 9 5675
3
18 9 5676
3
18 9 5677
3
18 9 5678
3
19 9 5679
3
18 9 5680
3
18 9 5681
3
18 9 5682
3
19 9 5683
3
18 9 5684
3
18 9 5685
3
18 9 5686
3
19 9 5687
3
18 9 5688
3
18 9 5689
3
18 9 5690
3
19 9 5691
3
18 9 5692
3
18 9 5693
3
18 9 5694
3
18 9 5695
3
18 9 5696
3
18 9 5697
3
18 9 5698
3
18 9 5699
3
19 9 5700
3
19 9 5701
3
19 9 5702
3
19 9 5703
3
19 9 5704
3
19 9 5705
3
19 9 5706
3
19 9 5707
3
19 9 5708
3
19 9 5709
3
19 9 5710
3
19 9 5711
3
19 9 5712
3
19 9 5713
3
19 9 5714
3
19 9 5715
3
19 9 5716
3
19 9 5717
3
19 9 5718
3
19 9 5719
3
19 9 5720
3
19 9 5721
3
19 9 5722
3
19 9 5723
3
19 9 5724
3
19 9 5725
3
19 9 5726
3
19 9 5727
3
18 9 5728
3
19 9 5729
3
19 9 5730
3
19 9 5731
3
19 9 5732
3
19 9 5733
3
19 9 5734
3
19 9 5735
3
18 9 5736
3
19 9 5737
3
19 9 5738
3
19 9 5739
3
18 9 5740
3
19 9 5741
3
19 9 5742
3
19 9 5743
3
18 9 5744
3
19 9 5745
3
19 9 5746
3
19 9 5747
3
18 9 5748
3
19 9 5749
3
19 9 5750
3
19 9 5751
3
18 9 5752
3
19 9 5753
3
19 9 5754
3
19 9 5755
3
18 9 5756
3
19 9 5757
3
19 9 5758
3
19 9 5759
3
18 9 5760
3
19 9 5761
3
19 9 5762
3
19 9 5763
3
18 9 5764
3
19 9 5765
3
19 9 5766
3
19 9 5767
3
18 9 5768
3
19 9 5769
3
19 9 5770
3
19 9 5771
3
18 9 5772
3
18 9 5773
3
19 9 5774
3
19 9 5775
3
18 9 5776
3
18 9 5777
3
19 9 5778
3
19 9 5779
3
18 9 5780
3
18 9 5781
3
19 9 5782
3
19 9 5783
3
18 9 5784
3
18 9 5785
3
19 9 5786
3
19 9 5787
3
18 9 5788
3
18 9 5789
3
19 9 5790
3
19 9 5791
3
18 9 5792
3
18 9 5793
3
19 9 5794
3
19 9 5795
3
18 9 5796
3
18 9 5797
3
19 9 5798
3
19 9 5799
3
19 9 5800
3
19 9 5801
3
19 9 5802
3
20 9 5803
3
19 9 5804
3
19 9 5805
3
20 9 5806
3
20 9 5807
3
19 9 5808
3
19 9 5809
3
20 9 5810
3
20 9 5811
3
19 9 5812
3
19 9 5813
3
19 9 5814
3
20 9 5815
3
19 9 5816
3
19 9 5817
3
19 9 5818
3
20 9 5819
3
19 9 5820
3
19 9 5821
3
19 9 5822
3
20 9 5823
3
19 9 5824
3
19 9 5825
3
19 9 5826
3
19 9 5827
3
19 9 5828
3
19 9 5829
3
19 9 5830
3
19 9 5831
3
19 9 5832
3
19 9 5833
3
19 9 5834
3
19 9 5835
3
19 9 5836
3
19 9 5837
3
19 9 5838
3
19 9 5839
3
19 9 5840
3
19 9 5841
3
19 9 5842
3
19 9 5843
3
19 9 5844
3
19 9 5845
3
19 9 5846
3
19 9 5847
3
19 9 5848
3
19 9 5849
3
19 9 5850
3
19 9 5851
3
19 9 5852
3
19 9 5853
3
19 9 5854
3
19 9 5855
3
18 9 5856
3
19 9 5857
3
19 9 5858
3
19 9 5859
3
18 9 5860
3
19 9 5861
3
19 9 5862
3
19 9 5863
3
18 9 5864
3
19 9 5865
3
19 9 5866
3
19 9 5867
3
18 9 5868
3
19 9 5869
3
19 9 5870
3
19 9 5871
3
18 9 5872
3
19 9 5873
3
19 9 5874
3
19 9 5875
3
18 9 5876
3
19 9 5877
3
19 9 5878
3
19 9 5879
3
18 9 5880
3
19 9 5881
3
19 9 5882
3
19 9 5883
3
18 9 5884
3
18 9 5885
3
19 9 5886
3
19 9 5887
3
18 9 5888
3
18 9 5889
3
18 9 5890
3
19 9 5891
3
18 9 5892
3
18 9 5893
3
18 9 5894
3
19 9 5895
3
18 9 5896
3
18 9 5897
3
18 9 5898
3
19 9 5899
3
19 9 5900
3
19 9 5901
3
19 9 5902
3
20 9 5903
3
19 9 5904
3
19 9 5905
3
19 9 5906
3
20 9 5907
3
19 9 5908
3
19 9 5909
3
19 9 5910
3
19 9 5911
3
19 9 5912
3
19 9 5913
3
19 9 5914
3
20 9 5915
3
19 9 5916
3
19 9 5917
3
19 9 5918
3
19 9 5919
3
19 9 5920
3
19 9 5921
3
19 9 5922
3
19 9 5923
3
19 9 5924
3
19 9 5925
3
19 9 5926
3
19 9 5927
3
19 9 5928
3
19 9 5929
3
19 9 5930
3
19 9 5931
3
19 9 5932
3
19 9 5933
3
19 9 5934
3
19 9 5935
3
19 9 5936
3
19 9 5937
3
19 9 5938
3
19 9 5939
3
19 9 5940
3
19 9 5941
3
19 9 5942
3
19 9 5943
3
19 9 5944
3
19 9 5945
3
19 9 5946
3
19 9 5947
3
19 9 5948
3
19 9 5949
3
19 9 5950
3
19 9 5951
3
18 9 5952
3
19 9 5953
3
19 9 5954
3
19 9 5955
3
18 9 5956
3
19 9 5957
3
19 9 5958
3
19 9 5959
3
18 9 5960
3
19 9 5961
3
19 9 5962
3
19 9 5963
3
18 9 5964
3
19 9 5965
3
19 9 5966
3
19 9 5967
3
18 9 5968
3
19 9 5969
3
19 9 5970
3
19 9 5971
3
18 9 5972
3
19 9 5973
3
19 9 5974
3
19 9 5975
3
18 9 5976
3
19 9 5977
3
19 9 5978
3
19 9 5979
3
18 9 5980
3
18 9 5981
3
19 9 5982
3
19 9 5983
3
18 9 5984
3
18 9 5985
3
19 9 5986
3
19 9 5987
3
18 9 5988
3
18 9 5989
3
19 9 5990
3
19 9 5991
3
18 9 5992
3
18 9 5993
3
18 9 5994
3
19 9 5995
3
18 9 5996
3
18 9 5997
3
19 9 5998
3
19 9 5999
3
18 9 6000
3
18 9 6001
3
18 9 6002
3
19 9 6003
3
18 9 6004
3
18 9 6005
3
18 9 6006
3
19 9 6007
3
18 9 6008
3
18 9 6009
3
18 9 6010
3
19 9 6011
3
18 9 6012
3
18 9 6013
3
18 9 6014
3
19 9 6015
3
18 9 6016
3
18 9 6017
3
18 9 6018
3
19 9 6019
3
18 9 6020
3
18 9 6021
3
18 9 6022
3
18 9 6023
3
18 9 6024
3
18 9 6025
3
18 9 6026
3
19 9 6027
3
18 9 6028
3
18 9 6029
3
18 9 6030
3
19 9 6031
3
18 9 6032
3
18 9 6033
3
18 9 6034
3
18 9 6035
3
18 9 6036
3
18 9 6037
3
18 9 6038
3
18 9 6039
3
18 9 6040
3
18 9 6041
3
18 9 6042
3
18 9 6043
3
18 9 6044
3
18 9 6045
3
18 9 6046
3
18 9 6047
3
18 9 6048
3
18 9 6049
3
18 9 6050
3
18 9 6051
3
18 9 6052
3
18 9 6053
3
18 9 6054
3
18 9 6055
3
18 9 6056
3
18 9 6057
3
18 9 6058
3
18 9 6059
3
18 9 6060
3
18 9 6061
3
18 9 6062
3
18 9 6063
3
17 9 6064
3
18 9 6065
3
18 9 6066
3
18 9 6067
3
17 9 6068
3
18 9 6069
3
18 9 6070
3
18 9 6071
3
17 9 6072
3
18 9 6073
3
18 9 6074
3
18 9 6075
3
17 9 6076
3
18 9 6077
3
18 9 6078
3
18 9 6079
3
17 9 6080
3
18 9 6081
3
18 9 6082
3
18 9 6083
3
17 9 6084
3
18 9 6085
3
18 9 6086
3
18 9 6087
3
17 9 6088
3
18 9 6089
3
18 9 6090
3
18 9 6091
3
17 9 6092
3
17 9 6093
3
18 9 6094
3
18 9 6095
3
17 9 6096
3
17 9 6097
3
18 9 6098
3
18 9 6099
3
18 9 6100
3
18 9 6101
3
19 9 6102
3
19 9 6103
3
18 9 6104
3
18 9 6105
3
19 9 6106
3
19 9 6107
3
18 9 6108
3
18 9 6109
3
19 9 6110
3
19 9 6111
3
18 9 6112
3
18 9 6113
3
19 9 6114
3
19 9 6115
3
18 9 6116
3
18 9 6117
3
19 9 6118
3
19 9 6119
3
18 9 6120
3
18 9 6121
3
19 9 6122
3
19 9 6123
3
18 9 6124
3
18 9 6125
3
18 9 6126
3
19 9 6127
3
18 9 6128
3
18 9 6129
3
19 9 6130
3
19 9 6131
3
18 9 6132
3
18 9 6133
3
18 9 6134
3
19 9 6135
3
18 9 6136
3
18 9 6137
3
18 9 6138
3
19 9 6139
3
18 9 6140
3
18 9 6141
3
18 9 6142
3
19 9 6143
3
18 9 6144
3
18 9 6145
3
18 9 6146
3
19 9 6147
3
18 9 6148
3
18 9 6149
3
18 9 6150
3
19 9 6151
3
18 9 6152
3
18 9 6153
3
18 9 6154
3
18 9 6155
3
18 9 6156
3
18 9 6157
3
18 9 6158
3
18 9 6159
3
18 9 6160
3
18 9 6161
3
18 9 6162
3
18 9 6163
3
18 9 6164
3
18 9 6165
3
18 9 6166
3
18 9 6167
3
18 9 6168
3
18 9 6169
3
18 9 6170
3
18 9 6171
3
18 9 6172
3
18 9 6173
3
18 9 6174
3
18 9 6175
3
17 9 6176
3
18 9 6177
3
18 9 6178
3
18 9 6179
3
17 9 6180
3
18 9 6181
3
18 9 6182
3
18 9 6183
3
17 9 6184
3
18 9 6185
3
18 9 6186
3
18 9 6187
3
17 9 6188
3
18 9 6189
3
18 9 6190
3
18 9 6191
3
17 9 6192
3
18 9 6193
3
18 9 6194
3
18 9 6195
3
17 9 6196
3
18 9 6197
3
18 9 6198
3
18 9 6199
3
18 9 6200
3
19 9 6201
3
19 9 6202
3
19 9 6203
3
18 9 6204
3
18 9 6205
3
19 9 6206
3
19 9 6207
3
18 9 6208
3
18 9 6209
3
19 9 6210
3
19 9 6211
3
18 9 6212
3
19 9 6213
3
19 9 6214
3
19 9 6215
3
18 9 6216
3
18 9 6217
3
19 9 6218
3
19 9 6219
3
18 9 6220
3
18 9 6221
3
19 9 6222
3
19 9 6223
3
18 9 6224
3
18 9 6225
3
19 9 6226
3
19 9 6227
3
18 9 6228
3
18 9 6229
3
19 9 6230
3
19 9 6231
3
18 9 6232
3
18 9 6233
3
19 9 6234
3
19 9 6235
3
18 9 6236
3
18 9 6237
3
18 9 6238
3
19 9 6239
3
18 9 6240
3
18 9 6241
3
19 9 6242
3
19 9 6243
3
18 9 6244
3
18 9 6245
3
18 9 6246
3
19 9 6247
3
18 9 6248
3
18 9 6249
3
18 9 6250
3
19 9 6251
3
18 9 6252
3
18 9 6253
3
18 9 6254
3
19 9 6255
3
18 9 6256
3
18 9 6257
3
18 9 6258
3
19 9 6259
3
18 9 6260
3
18 9 6261
3
18 9 6262
3
19 9 6263
3
18 9 6264
3
18 9 6265
3
18 9 6266
3
18 9 6267
3
18 9 6268
3
18 9 6269
3
18 9 6270
3
19 9 6271
3
18 9 6272
3
18 9 6273
3
18 9 6274
3
18 9 6275
3
18 9 6276
3
18 9 6277
3
18 9 6278
3
18 9 6279
3
18 9 6280
3
18 9 6281
3
18 9 6282
3
18 9 6283
3
18 9 6284
3
18 9 6285
3
18 9 6286
3
18 9 6287
3
18 9 6288
3
18 9 6289
3
18 9 6290
3
18 9 6291
3
18 9 6292
3
18 9 6293
3
18 9 6294
3
18 9 6295
3
17 9 6296
3
18 9 6297
3
18 9 6298
3
18 9 6299
3
19 9 6300
3
19 9 6301
3
19 9 6302
3
19 9 6303
3
18 9 6304
3
19 9 6305
3
19 9 6306
3
19 9 6307
3
18 9 6308
3
19 9 6309
3
19 9 6310
3
19 9 6311
3
18 9 6312
3
19 9 6313
3
19 9 6314
3
19 9 6315
3
18 9 6316
3
19 9 6317
3
19 9 6318
3
19 9 6319
3
18 9 6320
3
18 9 6321
3
19 9 6322
3
19 9 6323
3
18 9 6324
3
18 9 6325
3
19 9 6326
3
19 9 6327
3
18 9 6328
3
18 9 6329
3
19 9 6330
3
19 9 6331
3
18 9 6332
3
18 9 6333
3
19 9 6334
3
19 9 6335
3
18 9 6336
3
18 9 6337
3
19 9 6338
3
19 9 6339
3
18 9 6340
3
18 9 6341
3
19 9 6342
3
19 9 6343
3
18 9 6344
3
18 9 6345
3
19 9 6346
3
19 9 6347
3
18 9 6348
3
18 9 6349
3
18 9 6350
3
19 9 6351
3
18 9 6352
3
18 9 6353
3
18 9 6354
3
19 9 6355
3
18 9 6356
3
18 9 6357
3
18 9 6358
3
19 9 6359
3
18 9 6360
3
18 9 6361
3
18 9 6362
3
19 9 6363
3
18 9 6364
3
18 9 6365
3
18 9 6366
3
19 9 6367
3
18 9 6368
3
18 9 6369
3
18 9 6370
3
19 9 6371
3
18 9 6372
3
18 9 6373
3
18 9 6374
3
19 9 6375
3
18 9 6376
3
18 9 6377
3
18 9 6378
3
18 9 6379
3
18 9 6380
3
18 9 6381
3
18 9 6382
3
19 9 6383
3
18 9 6384
3
18 9 6385
3
18 9 6386
3
18 9 6387
3
18 9 6388
3
18 9 6389
3
18 9 6390
3
18 9 6391
3
18 9 6392
3
18 9 6393
3
18 9 6394
3
18 9 6395
3
18 9 6396
3
18 9 6397
3
18 9 6398
3
18 9 6399
3
18 9 6400
3
18 9 6401
3
18 9 6402
3
18 9 6403
3
18 9 6404
3
18 9 6405
3
18 9 6406
3
18 9 6407
3
18 9 6408
3
18 9 6409
3
18 9 6410
3
18 9 6411
3
18 9 6412
3
18 9 6413
3
18 9 6414
3
18 9 6415
3
18 9 6416
3
18 9 6417
3
18 9 6418
3
18 9 6419
3
17 9 6420
3
18 9 6421
3
18 9 6422
3
18 9 6423
3
17 9 6424
3
18 9 6425
3
18 9 6426
3
18 9 6427
3
17 9 6428
3
18 9 6429
3
18 9 6430
3
18 9 6431
3
17 9 6432
3
18 9 6433
3
18 9 6434
3
18 9 6435
3
17 9 6436
3
18 9 6437
3
18 9 6438
3
18 9 6439
3
17 9 6440
3
18 9 6441
3
18 9 6442
3
18 9 6443
3
17 9 6444
3
18 9 6445
3
18 9 6446
3
18 9 6447
3
17 9 6448
3
17 9 6449
3
18 9 6450
3
18 9 6451
3
17 9 6452
3
17 9 6453
3
18 9 6454
3
18 9 6455
3
17 9 6456
3
17 9 6457
3
18 9 6458
3
18 9 6459
3
17 9 6460
3
17 9 6461
3
18 9 6462
3
18 9 6463
3
17 9 6464
3
17 9 6465
3
18 9 6466
3
18 9 6467
3
17 9 6468
3
17 9 6469
3
18 9 6470
3
18 9 6471
3
17 9 6472
3
17 9 6473
3
18 9 6474
3
18 9 6475
3
17 9 6476
3
17 9 6477
3
17 9 6478
3
18 9 6479
3
17 9 6480
3
17 9 6481
3
17 9 6482
3
18 9 6483
3
17 9 6484
3
17 9 6485
3
17 9 6486
3
18 9 6487
3
17 9 6488
3
17 9 6489
3
17 9 6490
3
17 9 6491
3
17 9 6492
3
17 9 6493
3
17 9 6494
3
17 9 6495
3
17 9 6496
3
17 9 6497
3
17 9 6498
3
18 9 6499
3
18 9 6500
3
18 9 6501
3
18 9 6502
3
18 9 6503
3
18 9 6504
3
18 9 6505
3
18 9 6506
3
18 9 6507
3
18 9 6508
3
18 9 6509
3
18 9 6510
3
18 9 6511
3
18 9 6512
3
18 9 6513
3
18 9 6514
3
18 9 6515
3
18 9 6516
3
18 9 6517
3
18 9 6518
3
18 9 6519
3
18 9 6520
3
18 9 6521
3
18 9 6522
3
18 9 6523
3
17 9 6524
3
18 9 6525
3
18 9 6526
3
18 9 6527
3
18 9 6528
3
18 9 6529
3
18 9 6530
3
18 9 6531
3
17 9 6532
3
18 9 6533
3
18 9 6534
3
18 9 6535
3
17 9 6536
3
18 9 6537
3
18 9 6538
3
18 9 6539
3
17 9 6540
3
18 9 6541
3
18 9 6542
3
18 9 6543
3
17 9 6544
3
18 9 6545
3
18 9 6546
3
18 9 6547
3
17 9 6548
3
18 9 6549
3
18 9 6550
3
18 9 6551
3
17 9 6552
3
17 9 6553
3
18 9 6554
3
18 9 6555
3
17 9 6556
3
18 9 6557
3
18 9 6558
3
18 9 6559
3
17 9 6560
3
17 9 6561
3
18 9 6562
3
18 9 6563
3
17 9 6564
3
17 9 6565
3
18 9 6566
3
18 9 6567
3
17 9 6568
3
17 9 6569
3
18 9 6570
3
18 9 6571
3
17 9 6572
3
17 9 6573
3
18 9 6574
3
18 9 6575
3
17 9 6576
3
17 9 6577
3
18 9 6578
3
18 9 6579
3
17 9 6580
3
17 9 6581
3
18 9 6582
3
18 9 6583
3
17 9 6584
3
17 9 6585
3
18 9 6586
3
18 9 6587
3
17 9 6588
3
17 9 6589
3
17 9 6590
3
18 9 6591
3
17 9 6592
3
17 9 6593
3
17 9 6594
3
18 9 6595
3
17 9 6596
3
17 9 6597
3
17 9 6598
3
18 9 6599
3
18 9 6600
3
18 9 6601
3
18 9 6602
3
19 9 6603
3
18 9 6604
3
18 9 6605
3
18 9 6606
3
19 9 6607
3
18 9 6608
3
18 9 6609
3
18 9 6610
3
19 9 6611
3
18 9 6612
3
18 9 6613
3
18 9 6614
3
19 9 6615
3
18 9 6616
3
18 9 6617
3
18 9 6618
3
19 9 6619
3
18 9 6620
3
18 9 6621
3
18 9 6622
3
18 9 6623
3
18 9 6624
3
18 9 6625
3
18 9 6626
3
19 9 6627
3
18 9 6628
3
18 9 6629
3
18 9 6630
3
18 9 6631
3
18 9 6632
3
18 9 6633
3
18 9 6634
3
18 9 6635
3
17 9 6636
3
18 9 6637
3
18 9 6638
3
18 9 6639
3
17 9 6640
3
18 9 6641
3
18 9 6642
3
18 9 6643
3
17 9 6644
3
17 9 6645
3
18 9 6646
3
18 9 6647
3
17 9 6648
3
17 9 6649
3
18 9 6650
3
18 9 6651
3
17 9 6652
3
17 9 6653
3
18 9 6654
3
18 9 6655
3
17 9 6656
3
17 9 6657
3
18 9 6658
3
18 9 6659
3
17 9 6660
3
17 9 6661
3
18 9 6662
3
18 9 6663
3
17 9 6664
3
17 9 6665
3
18 9 6666
3
18 9 6667
3
17 9 6668
3
17 9 6669
3
17 9 6670
3
18 9 6671
3
17 9 6672
3
17 9 6673
3
17 9 6674
3
18 9 6675
3
17 9 6676
3
17 9 6677
3
17 9 6678
3
18 9 6679
3
17 9 6680
3
17 9 6681
3
17 9 6682
3
18 9 6683
3
17 9 6684
3
17 9 6685
3
17 9 6686
3
18 9 6687
3
17 9 6688
3
17 9 6689
3
17 9 6690
3
18 9 6691
3
17 9 6692
3
17 9 6693
3
17 9 6694
3
18 9 6695
3
17 9 6696
3
17 9 6697
3
17 9 6698
3
17 9 6699
3
18 9 6700
3
18 9 6701
3
18 9 6702
3
18 9 6703
3
18 9 6704
3
18 9 6705
3
18 9 6706
3
18 9 6707
3
18 9 6708
3
18 9 6709
3
18 9 6710
3
18 9 6711
3
18 9 6712
3
18 9 6713
3
18 9 6714
3
18 9 6715
3
18 9 6716
3
18 9 6717
3
18 9 6718
3
18 9 6719
3
18 9 6720
3
18 9 6721
3
18 9 6722
3
18 9 6723
3
18 9 6724
3
18 9 6725
3
18 9 6726
3
18 9 6727
3
18 9 6728
3
18 9 6729
3
18 9 6730
3
18 9 6731
3
17 9 6732
3
18 9 6733
3
18 9 6734
3
18 9 6735
3
18 9 6736
3
18 9 6737
3
18 9 6738
3
18 9 6739
3
17 9 6740
3
18 9 6741
3
18 9 6742
3
18 9 6743
3
17 9 6744
3
18 9 6745
3
18 9 6746
3
18 9 6747
3
17 9 6748
3
18 9 6749
3
18 9 6750
3
18 9 6751
3
17 9 6752
3
18 9 6753
3
18 9 6754
3
18 9 6755
3
17 9 6756
3
18 9 6757
3
18 9 6758
3
18 9 6759
3
17 9 6760
3
18 9 6761
3
18 9 6762
3
18 9 6763
3
17 9 6764
3
18 9 6765
3
18 9 6766
3
18 9 6767
3
17 9 6768
3
17 9 6769
3
18 9 6770
3
18 9 6771
3
17 9 6772
3
17 9 6773
3
18 9 6774
3
18 9 6775
3
17 9 6776
3
17 9 6777
3
18 9 6778
3
18 9 6779
3
17 9 6780
3
17 9 6781
3
18 9 6782
3
18 9 6783
3
17 9 6784
3
17 9 6785
3
18 9 6786
3
18 9 6787
3
17 9 6788
3
17 9 6789
3
18 9 6790
3
18 9 6791
3
17 9 6792
3
17 9 6793
3
18 9 6794
3
18 9 6795
3
17 9 6796
3
17 9 6797
3
17 9 6798
3
18 9 6799
3
17 9 6800
3
17 9 6801
3
17 9 6802
3
18 9 6803
3
17 9 6804
3
17 9 6805
3
18 9 6806
3
18 9 6807
3
17 9 6808
3
17 9 6809
3
17 9 6810
3
18 9 6811
3
17 9 6812
3
17 9 6813
3
17 9 6814
3
17 9 6815
3
17 9 6816
3
17 9 6817
3
17 9 6818
3
18 9 6819
3
17 9 6820
3
17 9 6821
3
17 9 6822
3
17 9 6823
3
17 9 6824
3
17 9 6825
3
17 9 6826
3
17 9 6827
3
17 9 6828
3
17 9 6829
3
17 9 6830
3
17 9 6831
3
17 9 6832
3
17 9 6833
3
17 9 6834
3
17 9 6835
3
17 9 6836
3
17 9 6837
3
17 9 6838
3
17 9 6839
3
17 9 6840
3
17 9 6841
3
17 9 6842
3
17 9 6843
3
16 9 6844
3
17 9 6845
3
17 9 6846
3
17 9 6847
3
17 9 6848
3
17 9 6849
3
17 9 6850
3
17 9 6851
3
16 9 6852
3
17 9 6853
3
17 9 6854
3
17 9 6855
3
16 9 6856
3
17 9 6857
3
17 9 6858
3
17 9 6859
3
16 9 6860
3
17 9 6861
3
17 9 6862
3
17 9 6863
3
16 9 6864
3
17 9 6865
3
17 9 6866
3
17 9 6867
3
16 9 6868
3
17 9 6869
3
17 9 6870
3
17 9 6871
3
16 9 6872
3
16 9 6873
3
17 9 6874
3
17 9 6875
3
16 9 6876
3
17 9 6877
3
17 9 6878
3
17 9 6879
3
16 9 6880
3
16 9 6881
3
17 9 6882
3
17 9 6883
3
16 9 6884
3
16 9 6885
3
17 9 6886
3
17 9 6887
3
16 9 6888
3
16 9 6889
3
17 9 6890
3
17 9 6891
3
16 9 6892
3
16 9 6893
3
17 9 6894
3
17 9 6895
3
16 9 6896
3
16 9 6897
3
17 9 6898
3
17 9 6899
3
17 9 6900
3
17 9 6901
3
17 9 6902
3
18 9 6903
3
17 9 6904
3
17 9 6905
3
18 9 6906
3
18 9 6907
3
17 9 6908
3
17 9 6909
3
18 9 6910
3
18 9 6911
3
17 9 6912
3
17 9 6913
3
17 9 6914
3
18 9 6915
3
17 9 6916
3
17 9 6917
3
17 9 6918
3
18 9 6919
3
17 9 6920
3
17 9 6921
3
17 9 6922
3
18 9 6923
3
17 9 6924
3
17 9 6925
3
17 9 6926
3
18 9 6927
3
17 9 6928
3
17 9 6929
3
17 9 6930
3
18 9 6931
3
17 9 6932
3
17 9 6933
3
17 9 6934
3
18 9 6935
3
17 9 6936
3
17 9 6937
3
17 9 6938
3
18 9 6939
3
17 9 6940
3
17 9 6941
3
17 9 6942
3
17 9 6943
3
17 9 6944
3
17 9 6945
3
17 9 6946
3
17 9 6947
3
17 9 6948
3
17 9 6949
3
17 9 6950
3
17 9 6951
3
17 9 6952
3
17 9 6953
3
17 9 6954
3
17 9 6955
3
17 9 6956
3
17 9 6957
3
17 9 6958
3
17 9 6959
3
17 9 6960
3
17 9 6961
3
17 9 6962
3
17 9 6963
3
17 9 6964
3
17 9 6965
3
17 9 6966
3
17 9 6967
3
16 9 6968
3
17 9 6969
3
17 9 6970
3
17 9 6971
3
16 9 6972
3
17 9 6973
3
17 9 6974
3
17 9 6975
3
16 9 6976
3
17 9 6977
3
17 9 6978
3
17 9 6979
3
16 9 6980
3
17 9 6981
3
17 9 6982
3
17 9 6983
3
16 9 6984
3
16 9 6985
3
17 9 6986
3
17 9 6987
3
16 9 6988
3
17 9 6989
3
17 9 6990
3
17 9 6991
3
16 9 6992
3
16 9 6993
3
17 9 6994
3
17 9 6995
3
16 9 6996
3
16 9 6997
3
17 9 6998
3
17 9 6999
3
17 9 7000
3
17 9 7001
3
18 9 7002
3
18 9 7003
3
17 9 7004
3
17 9 7005
3
18 9 7006
3
18 9 7007
3
17 9 7008
3
17 9 7009
3
18 9 7010
3
18 9 7011
3
17 9 7012
3
17 9 7013
3
18 9 7014
3
18 9 7015
3
17 9 7016
3
17 9 7017
3
18 9 7018
3
18 9 7019
3
17 9 7020
3
17 9 7021
3
18 9 7022
3
18 9 7023
3
17 9 7024
3
17 9 7025
3
17 9 7026
3
18 9 7027
3
17 9 7028
3
17 9 7029
3
17 9 7030
3
18 9 7031
3
17 9 7032
3
17 9 7033
3
17 9 7034
3
18 9 7035
3
17 9 7036
3
17 9 7037
3
17 9 7038
3
18 9 7039
3
17 9 7040
3
17 9 7041
3
17 9 7042
3
18 9 7043
3
17 9 7044
3
17 9 7045
3
17 9 7046
3
18 9 7047
3
17 9 7048
3
17 9 7049
3
17 9 7050
3
18 9 7051
3
17 9 7052
3
17 9 7053
3
17 9 7054
3
17 9 7055
3
17 9 7056
3
17 9 7057
3
17 9 7058
3
17 9 7059
3
17 9 7060
3
17 9 7061
3
17 9 7062
3
17 9 7063
3
17 9 7064
3
17 9 7065
3
17 9 7066
3
17 9 7067
3
17 9 7068
3
17 9 7069
3
17 9 7070
3
17 9 7071
3
17 9 7072
3
17 9 7073
3
17 9 7074
3
17 9 7075
3
17 9 7076
3
17 9 7077
3
17 9 7078
3
17 9 7079
3
17 9 7080
3
17 9 7081
3
17 9 7082
3
17 9 7083
3
16 9 7084
3
17 9 7085
3
17 9 7086
3
17 9 7087
3
16 9 7088
3
17 9 7089
3
17 9 7090
3
17 9 7091
3
16 9 7092
3
17 9 7093
3
17 9 7094
3
17 9 7095
3
16 9 7096
3
17 9 7097
3
17 9 7098
3
17 9 7099
3
17 9 7100
3
18 9 7101
3
18 9 7102
3
18 9 7103
3
17 9 7104
3
18 9 7105
3
18 9 7106
3
18 9 7107
3
17 9 7108
3
18 9 7109
3
18 9 7110
3
18 9 7111
3
17 9 7112
3
18 9 7113
3
18 9 7114
3
18 9 7115
3
17 9 7116
3
17 9 7117
3
18 9 7118
3
18 9 7119
3
17 9 7120
3
18 9 7121
3
18 9 7122
3
18 9 7123
3
17 9 7124
3
17 9 7125
3
18 9 7126
3
18 9 7127
3
17 9 7128
3
17 9 7129
3
18 9 7130
3
18 9 7131
3
17 9 7132
3
17 9 7133
3
18 9 7134
3
18 9 7135
3
17 9 7136
3
17 9 7137
3
17 9 7138
3
18 9 7139
3
17 9 7140
3
17 9 7141
3
17 9 7142
3
18 9 7143
3
17 9 7144
3
17 9 7145
3
17 9 7146
3
18 9 7147
3
17 9 7148
3
17 9 7149
3
17 9 7150
3
18 9 7151
3
17 9 7152
3
17 9 7153
3
17 9 7154
3
18 9 7155
3
17 9 7156
3
17 9 7157
3
17 9 7158
3
18 9 7159
3
17 9 7160
3
17 9 7161
3
17 9 7162
3
18 9 7163
3
17 9 7164
3
17 9 7165
3
17 9 7166
3
17 9 7167
3
17 9 7168
3
17 9 7169
3
17 9 7170
3
17 9 7171
3
17 9 7172
3
17 9 7173
3
17 9 7174
3
17 9 7175
3
17 9 7176
3
17 9 7177
3
17 9 7178
3
17 9 7179
3
17 9 7180
3
17 9 7181
3
17 9 7182
3
17 9 7183
3
17 9 7184
3
17 9 7185
3
17 9 7186
3
17 9 7187
3
17 9 7188
3
17 9 7189
3
17 9 7190
3
17 9 7191
3
17 9 7192
3
17 9 7193
3
17 9 7194
3
17 9 7195
3
17 9 7196
3
17 9 7197
3
17 9 7198
3
17 9 7199
3
16 9 7200
3
17 9 7201
3
17 9 7202
3
17 9 7203
3
17 9 7204
3
17 9 7205
3
17 9 7206
3
17 9 7207
3
16 9 7208
3
17 9 7209
3
17 9 7210
3
17 9 7211
3
16 9 7212
3
17 9 7213
3
17 9 7214
3
17 9 7215
3
16 9 7216
3
17 9 7217
3
17 9 7218
3
17 9 7219
3
16 9 7220
3
17 9 7221
3
17 9 7222
3
17 9 7223
3
16 9 7224
3
17 9 7225
3
17 9 7226
3
17 9 7227
3
16 9 7228
3
16 9 7229
3
17 9 7230
3
17 9 7231
3
16 9 7232
3
17 9 7233
3
17 9 7234
3
17 9 7235
3
16 9 7236
3
16 9 7237
3
17 9 7238
3
17 9 7239
3
16 9 7240
3
16 9 7241
3
17 9 7242
3
17 9 7243
3
16 9 7244
3
16 9 7245
3
17 9 7246
3
17 9 7247
3
16 9 7248
3
16 9 7249
3
17 9 7250
3
17 9 7251
3
16 9 7252
3
16 9 7253
3
17 9 7254
3
17 9 7255
3
16 9 7256
3
16 9 7257
3
16 9 7258
3
17 9 7259
3
16 9 7260
3
16 9 7261
3
17 9 7262
3
17 9 7263
3
16 9 7264
3
16 9 7265
3
16 9 7266
3
17 9 7267
3
16 9 7268
3
16 9 7269
3
16 9 7270
3
17 9 7271
3
16 9 7272
3
16 9 7273
3
16 9 7274
3
17 9 7275
3
16 9 7276
3
16 9 7277
3
16 9 7278
3
17 9 7279
3
16 9 7280
3
16 9 7281
3
16 9 7282
3
16 9 7283
3
16 9 7284
3
16 9 7285
3
16 9 7286
3
16 9 7287
3
16 9 7288
3
16 9 7289
3
16 9 7290
3
16 9 7291
3
15 9 7292
3
16 9 7293
3
16 9 7294
3
16 9 7295
3
15 9 7296
3
16 9 7297
3
16 9 7298
3
16 9 7299
3
16 9 7300
3
17 9 7301
3
17 9 7302
3
17 9 7303
3
16 9 7304
3
16 9 7305
3
17 9 7306
3
17 9 7307
3
16 9 7308
3
16 9 7309
3
17 9 7310
3
17 9 7311
3
16 9 7312
3
17 9 7313
3
17 9 7314
3
17 9 7315
3
16 9 7316
3
16 9 7317
3
17 9 7318
3
17 9 7319
3
16 9 7320
3
16 9 7321
3
17 9 7322
3
17 9 7323
3
16 9 7324
3
16 9 7325
3
17 9 7326
3
17 9 7327
3
16 9 7328
3
16 9 7329
3
17 9 7330
3
17 9 7331
3
16 9 7332
3
16 9 7333
3
17 9 7334
3
17 9 7335
3
16 9 7336
3
16 9 7337
3
17 9 7338
3
17 9 7339
3
16 9 7340
3
16 9 7341
3
17 9 7342
3
17 9 7343
3
16 9 7344
3
16 9 7345
3
16 9 7346
3
17 9 7347
3
16 9 7348
3
16 9 7349
3
16 9 7350
3
17 9 7351
3
16 9 7352
3
16 9 7353
3
16 9 7354
3
17 9 7355
3
16 9 7356
3
16 9 7357
3
16 9 7358
3
17 9 7359
3
16 9 7360
3
16 9 7361
3
16 9 7362
3
17 9 7363
3
16 9 7364
3
16 9 7365
3
16 9 7366
3
17 9 7367
3
16 9 7368
3
16 9 7369
3
16 9 7370
3
17 9 7371
3
16 9 7372
3
16 9 7373
3
16 9 7374
3
16 9 7375
3
16 9 7376
3
16 9 7377
3
16 9 7378
3
16 9 7379
3
16 9 7380
3
16 9 7381
3
16 9 7382
3
16 9 7383
3
16 9 7384
3
16 9 7385
3
16 9 7386
3
16 9 7387
3
16 9 7388
3
16 9 7389
3
16 9 7390
3
16 9 7391
3
16 9 7392
3
16 9 7393
3
16 9 7394
3
16 9 7395
3
16 9 7396
3
16 9 7397
3
16 9 7398
3
16 9 7399
3
17 9 7400
3
17 9 7401
3
17 9 7402
3
17 9 7403
3
16 9 7404
3
17 9 7405
3
17 9 7406
3
17 9 7407
3
16 9 7408
3
17 9 7409
3
17 9 7410
3
17 9 7411
3
17 9 7412
3
17 9 7413
3
17 9 7414
3
17 9 7415
3
16 9 7416
3
17 9 7417
3
17 9 7418
3
17 9 7419
3
16 9 7420
3
17 9 7421
3
17 9 7422
3
17 9 7423
3
16 9 7424
3
17 9 7425
3
17 9 7426
3
17 9 7427
3
16 9 7428
3
17 9 7429
3
17 9 7430
3
17 9 7431
3
16 9 7432
3
17 9 7433
3
17 9 7434
3
17 9 7435
3
16 9 7436
3
16 9 7437
3
17 9 7438
3
17 9 7439
3
16 9 7440
3
17 9 7441
3
17 9 7442
3
17 9 7443
3
16 9 7444
3
16 9 7445
3
17 9 7446
3
17 9 7447
3
16 9 7448
3
16 9 7449
3
17 9 7450
3
17 9 7451
3
16 9 7452
3
16 9 7453
3
17 9 7454
3
17 9 7455
3
16 9 7456
3
16 9 7457
3
17 9 7458
3
17 9 7459
3
16 9 7460
3
16 9 7461
3
17 9 7462
3
17 9 7463
3
16 9 7464
3
16 9 7465
3
16 9 7466
3
17 9 7467
3
16 9 7468
3
16 9 7469
3
16 9 7470
3
17 9 7471
3
16 9 7472
3
16 9 7473
3
16 9 7474
3
17 9 7475
3
16 9 7476
3
16 9 7477
3
16 9 7478
3
16 9 7479
3
16 9 7480
3
16 9 7481
3
16 9 7482
3
17 9 7483
3
16 9 7484
3
16 9 7485
3
16 9 7486
3
16 9 7487
3
16 9 7488
3
16 9 7489
3
16 9 7490
3
16 9 7491
3
16 9 7492
3
16 9 7493
3
16 9 7494
3
16 9 7495
3
16 9 7496
3
16 9 7497
3
16 9 7498
3
16 9 7499
3
17 9 7500
3
17 9 7501
3
17 9 7502
3
17 9 7503
3
17 9 7504
3
17 9 7505
3
17 9 7506
3
17 9 7507
3
16 9 7508
3
17 9 7509
3
17 9 7510
3
17 9 7511
3
17 9 7512
3
17 9 7513
3
17 9 7514
3
17 9 7515
3
17 9 7516
3
17 9 7517
3
17 9 7518
3
17 9 7519
3
16 9 7520
3
17 9 7521
3
17 9 7522
3
17 9 7523
3
16 9 7524
3
17 9 7525
3
17 9 7526
3
17 9 7527
3
16 9 7528
3
17 9 7529
3
17 9 7530
3
17 9 7531
3
16 9 7532
3
17 9 7533
3
17 9 7534
3
17 9 7535
3
16 9 7536
3
17 9 7537
3
17 9 7538
3
17 9 7539
3
16 9 7540
3
17 9 7541
3
17 9 7542
3
17 9 7543
3
16 9 7544
3
17 9 7545
3
17 9 7546
3
17 9 7547
3
16 9 7548
3
16 9 7549
3
17 9 7550
3
17 9 7551
3
16 9 7552
3
16 9 7553
3
17 9 7554
3
17 9 7555
3
16 9 7556
3
16 9 7557
3
17 9 7558
3
17 9 7559
3
16 9 7560
3
16 9 7561
3
17 9 7562
3
17 9 7563
3
16 9 7564
3
16 9 7565
3
17 9 7566
3
17 9 7567
3
16 9 7568
3
16 9 7569
3
17 9 7570
3
17 9 7571
3
16 9 7572
3
16 9 7573
3
17 9 7574
3
17 9 7575
3
16 9 7576
3
16 9 7577
3
16 9 7578
3
17 9 7579
3
16 9 7580
3
16 9 7581
3
17 9 7582
3
17 9 7583
3
16 9 7584
3
16 9 7585
3
16 9 7586
3
17 9 7587
3
16 9 7588
3
16 9 7589
3
16 9 7590
3
17 9 7591
3
16 9 7592
3
16 9 7593
3
16 9 7594
3
17 9 7595
3
16 9 7596
3
16 9 7597
3
16 9 7598
3
17 9 7599
3
16 9 7600
3
16 9 7601
3
16 9 7602
3
17 9 7603
3
16 9 7604
3
16 9 7605
3
16 9 7606
3
17 9 7607
3
16 9 7608
3
16 9 7609
3
16 9 7610
3
17 9 7611
3
16 9 7612
3
16 9 7613
3
16 9 7614
3
17 9 7615
3
16 9 7616
3
16 9 7617
3
16 9 7618
3
16 9 7619
3
16 9 7620
3
16 9 7621
3
16 9 7622
3
16 9 7623
3
16 9 7624
3
16 9 7625
3
16 9 7626
3
16 9 7627
3
16 9 7628
3
16 9 7629
3
16 9 7630
3
16 9 7631
3
16 9 7632
3
16 9 7633
3
16 9 7634
3
16 9 7635
3
16 9 7636
3
16 9 7637
3
16 9 7638
3
16 9 7639
3
15 9 7640
3
16 9 7641
3
16 9 7642
3
16 9 7643
3
15 9 7644
3
16 9 7645
3
16 9 7646
3
16 9 7647
3
15 9 7648
3
16 9 7649
3
16 9 7650
3
16 9 7651
3
15 9 7652
3
16 9 7653
3
16 9 7654
3
16 9 7655
3
15 9 7656
3
16 9 7657
3
16 9 7658
3
16 9 7659
3
15 9 7660
3
15 9 7661
3
16 9 7662
3
16 9 7663
3
15 9 7664
3
15 9 7665
3
16 9 7666
3
16 9 7667
3
15 9 7668
3
15 9 7669
3
16 9 7670
3
16 9 7671
3
15 9 7672
3
15 9 7673
3
16 9 7674
3
16 9 7675
3
15 9 7676
3
15 9 7677
3
16 9 7678
3
16 9 7679
3
15 9 7680
3
15 9 7681
3
16 9 7682
3
16 9 7683
3
15 9 7684
3
15 9 7685
3
16 9 7686
3
16 9 7687
3
15 9 7688
3
15 9 7689
3
15 9 7690
3
16 9 7691
3
15 9 7692
3
15 9 7693
3
15 9 7694
3
16 9 7695
3
15 9 7696
3
15 9 7697
3
16 9 7698
3
16 9 7699
3
16 9 7700
3
16 9 7701
3
16 9 7702
3
17 9 7703
3
16 9 7704
3
16 9 7705
3
16 9 7706
3
17 9 7707
3
16 9 7708
3
16 9 7709
3
16 9 7710
3
17 9 7711
3
16 9 7712
3
16 9 7713
3
16 9 7714
3
17 9 7715
3
16 9 7716
3
16 9 7717
3
16 9 7718
3
17 9 7719
3
16 9 7720
3
16 9 7721
3
16 9 7722
3
16 9 7723
3
16 9 7724
3
16 9 7725
3
16 9 7726
3
17 9 7727
3
16 9 7728
3
16 9 7729
3
16 9 7730
3
16 9 7731
3
16 9 7732
3
16 9 7733
3
16 9 7734
3
16 9 7735
3
16 9 7736
3
16 9 7737
3
16 9 7738
3
16 9 7739
3
16 9 7740
3
16 9 7741
3
16 9 7742
3
16 9 7743
3
16 9 7744
3
16 9 7745
3
16 9 7746
3
16 9 7747
3
16 9 7748
3
16 9 7749
3
16 9 7750
3
16 9 7751
3
15 9 7752
3
16 9 7753
3
16 9 7754
3
16 9 7755
3
16 9 7756
3
16 9 7757
3
16 9 7758
3
16 9 7759
3
15 9 7760
3
16 9 7761
3
16 9 7762
3
16 9 7763
3
15 9 7764
3
16 9 7765
3
16 9 7766
3
16 9 7767
3
15 9 7768
3
16 9 7769
3
16 9 7770
3
16 9 7771
3
15 9 7772
3
16 9 7773
3
16 9 7774
3
16 9 7775
3
15 9 7776
3
16 9 7777
3
16 9 7778
3
16 9 7779
3
15 9 7780
3
16 9 7781
3
16 9 7782
3
16 9 7783
3
15 9 7784
3
16 9 7785
3
16 9 7786
3
16 9 7787
3
15 9 7788
3
15 9 7789
3
16 9 7790
3
16 9 7791
