3
22 9 1792
3
23 10 1793
3
27 7 1794
3
23 11 1794
3
5 10 1795
3
25 12 1795
3
24 1 1797
3
24 2 1798
3
9 11 1799
3
29 3 1801
3
30 4 1804
3
1 6 1807
3
3 7 1810
3
4 8 1813
3
4 9 1816
3
1 1 2000
3
11 5 2001
3
22 9 1792
3
21 9 1793
3
22 9 1793
3
21 9 1794
3
22 9 1794
3
22 9 1795
3
23 9 1795
3
21 9 1796
3
22 9 1796
3
21 9 1797
3
22 9 1797
3
22 9 1799
3
23 9 1799
3
22 9 1800
3
23 9 1800
3
22 9 1801
3
23 9 1801
3
22 9 1823
3
23 9 1823
3
22 9 1824
3
23 9 1824
3
22 9 1825
3
23 9 1825
3
21 9 1892
3
22 9 1892
3
22 9 1900
3
23 9 1900
3
21 9 1992
3
22 9 1992
3
21 9 2000
3
22 9 2000
3
20 9 2092
3
21 9 2092
3
21 9 2100
3
22 9 2100
3
21 9 2192
3
22 9 2192
3
21 9 2193
3
22 9 2199
3
22 9 2200
3
23 9 2791
3
22 9 2792
3
1 1 3000
3
1 1 3001
3
22 9 3791
3
22 9 3792
3
1 1 4000
3
1 1 4001
3
10 9 4320
3
11 9 4320
3
23 9 4791
3
22 9 4792
3
1 1 5000
3
1 1 5001
3
22 9 5791
3
21 9 5792
3
1 1 6000
3
1 1 6001
3
22 9 6791
3
21 9 6792
3
21 9 7791
3
21 9 7792
