2
1 1 1
2
2 2 2
2
9 11 2
2
3 3 3
2
13 1 4
2
4 4 4
2
5 5 5
2
6 6 6
2
18 2 8
2
8 7 9
2
10 8 12
2
12 9 15
2
14 10 18
2
16 11 21
2
18 12 24
2
12 4 208
2
22 8 209
2
1 1 1
2
5 13 1
2
1 1 2
2
5 13 2
2
1 1 3
2
6 13 3
2
1 1 4
2
5 13 4
2
1 1 5
2
5 13 5
2
1 1 6
2
6 13 7
2
1 1 8
2
5 13 8
2
1 1 9
2
5 13 9
2
1 1 10
2
5 13 31
2
1 1 32
2
6 13 32
2
1 1 33
2
5 13 33
2
1 1 34
2
5 13 100
2
1 1 101
2
6 13 108
2
1 1 109
2
5 13 200
2
1 1 201
2
6 13 208
2
1 1 209
2
5 13 300
2
1 1 301
2
6 13 308
2
1 1 309
2
6 13 400
2
1 1 401
2
5 13 401
2
1 1 408
2
6 13 408
2
1 1 1000
2
1 1 1001
2
12 4 1208
2
11 4 1209
2
1 1 2000
2
1 1 2001
2
12 4 2208
2
12 4 2209
2
24 12 2528
2
25 12 2528
2
1 1 3000
2
1 1 3001
2
12 4 3208
2
11 4 3209
2
1 1 4000
2
1 1 4001
2
13 4 4208
2
13 4 4209
2
1 1 5000
2
1 1 5001
2
1 1 6000
2
1 1 6001
